$ANSIBLE_VAULT;1.1;AES256
34313063366233323132303131343037396364336262363264643864336466356239643036376531
3536653130613161643630623437313535333632323261320a343666333937313831623131633936
30663666336138613966346262376432303932626137643739336561633661313038636637343535
3631356435343861320a316530363566363539383837646165343334386365646565383265306666
63373466373837373264356634343634636264633834313134646537383462626164356561303239
30613165346430376630636439316535393730326531613964343037373331616166396265383634
36646535333431666635336661623265363635306663663464303564386164373236313865373235
30636334636563333636316137623939613364623839333834333136633038313537653833313766
32613336386634646465366364653961396163613039663164333231663137623335383264363835
35386137383265306230303837653330313261633961636365626239303431646531663439386461
35356563336134626561333364346433333039613335346136353237363730323737663732646465
39363836346361646131616632363866666136653538396631316438303736333230623835383536
62613736363630373831316238613331643632323665356131316330333732636135666230363537
62326331313064666262623265633031393830666239343234666533393135653066313465396466
61653435303465636634316666303662343737316130336663623938623539336337343061363339
31663663356165613735613530353037353562656331646361366432386465383465636135313131
64353965376363393035303833636130643034643432333439643462333033616537313635386335
65306566646630306537353539376138346466623931653562346334333430373230663031333565
32376439313135636562326235666466303736633063353566336663383365613264386663346564
64393034303738356663633230656332613137656233393663633937666636363136333738366237
65303134626138376466643230666435356235363162653261306231656461666537313339396138
35633330356336326333396462616165326463666530326163353066663237393630363631656461
38366339663336633232333932383534663533366337656536313437313162346661303065323766
35653266393933643736643764623132353933383165316230356230613366306339613230343036
63373734663963373134626133303066333735343634333636643031633037363963343763303337
66333538653231306136666638393634306361623631313665346663623266373134616561376137
65373962633137393536663361333637366635623736656166303433303538646566333462613061
30323361623738396237626334346335313032646564623834626538316439303131613535636336
39643861346431643530346262386231366436646262636130376632323431326638633566373230
30663432343836373863346533323037373237343261656466643032343138303933386136353033
65323833376263363739373331323363343231383662313536303731666262623862613136326336
61353762363464653731383866363130396137323338633066386631316332323736643562393139
63613863323439666532343835376135303934643735343331396135316165363661623762333339
35643634303665366462323461313265666161303063633532626562643261363331383135366664
31346439636463646432616261336338303332613565623561386662323335373661656465663639
65383137336566336463613839383031633662363763663266343662383539656132333837393736
66363738373430303637393261306661326135633530323039376166636462663832613330663531
64393133623336383636373235613034363433623531396439663261313039336130643638333634
36633936356564653433313538343231623562336166353037613437623934666234613338376234
31376638363932306431633365393134326462396434326366336264383933303834343961393566
33616138393466663563313836633265626666303565653861323064646531376635643731623133
37396335653866643463633063343733343038646530353430613130363965316461333662363464
61313537306139303334353164626166376433323332333563346635613565663964356633373538
39336539343734316337633935613139343465356338373765653165336366646561393433643832
36346161303831656233303336353339396664343965363436376338303839376533396432306566
39396362373233356631343962373466653266616662323535363737333561666432383436656165
64326263363937366536626138656131396665383534366663623230333832383134663532633865
32663961356162656232336664326334643164653330383661653765363539346264393032376236
63383065363737386561653539363936353734343162626435656466636239613931663263393139
38376130316662626633323065666366633239663964333536633638376636626464616130336333
32363431653666613166303161643938386464653064303939623638643065653437383638626439
31633032343763353464333463383865333462343331633336373133636130366363356662333436
36363830616232306539623935316661326239623830643830646435316631313766326437393266
39343266366664323037623233373337633334653566623063343332353136636166303130303539
65313332336266633462643433366430646133663130353834346233346463626134613766383462
36616138623933363861383666316561633363366237303061623134336261363734353661353763
38343765333032643564613465343366643036323663663334336665633461393266383433393363
38396566666230653635303033623937323066656539333165353737353036663637393233333463
30373738393039356336393136386637366663313139623066393135396233323632333437376635
64663837376164373236
