$ANSIBLE_VAULT;1.1;AES256
61313037656361373735396463656666616630653635363431326663343037323265386237303834
6531393433623739643536326461646538626564383564330a333062653430393665303166333639
62353834353162643531656561383032323233663164653765356133613037313836653333313737
3039663764353261360a306530313335363039313263386431363139623836323964633237643036
30356434343662343332623862306530343936663532646636353238623638333931643364333131
33333933363635323534623861366161353766353938343831363036373135613338616639353165
35303937366237366331393063646134653833643264306463343463353238656364393762376436
63613235326337373362623638393936373537353764376238643265303966333461366266313865
66323165363034613039336535666364316661666137653461363839306462306336326138356338
64373735656263663634373034373039346663363430396335353462626463303266316137633334
31353730633764363264353561656137633739373363643333313461363533656535623962346633
30363133313139376635383833356666356236383661333762653764643965666132613032613634
38636230306330376635333031373232653333623931656366666465376533396534396137396237
36613865313539313461363037366462336664346535383433303736353632343937383335396332
66353232333335326361653435326662623431643861303433386162306433373263653332656561
37323134616536323866353731346364633265666239383265303261333734303934656230303561
65643936656333663433633966356562633837356535653663616436663639663436363666396562
36356263333737366634393134386337356330326665646537633539636262613234393164306135
38353063323534343966303066643962626662653636373933366638313763383964396664303132
64633238636434333434626630363335323162316439343961316332666237643331383565646631
64313239636530363732656662393638323835643635643630613032346463626235343731363430
31633863313465363835336635646163396661643038663332326336396332386334326239363763
32643662303533353765616639633731333635363138613434393462626231323564353166616661
34623061323666373736653837663932373465663862306566396530623563393436386430326431
39663430663139373262396262643632643831373136323132616263343131646661323636663939
62383434363766323064343933306139333237306537633834333165613866653536383361373265
61316631363461623134346234653330303835323438353566636661653430643864366362613737
39393631663032333739363535393530326364653162653432376534303437376464376437616231
33316265323430326364306161633038343231386366303134626132393335633233356335366232
66313565323365663638303032616538623936313932346436356365613766313066323561333463
61653135323563313966663363383263346430383662626631666139653462616138346232316435
36396539623863643836353431313130656537363063376133613838313765623064666539633834
66313232626231653965353833313535363962346366356461383535616136373863633333323238
66383436353532633463396337633036376534356565643438303635663731363138336235343166
37326161393532356566366462663165386636653865643638633339336665316439336566633864
66396237666332663439393834663865366662666232366333316338636336323764323763353534
37613639386637356331653666343137386338396664623065653464323366313035613064393739
66366666616638383166353663323634376336363962643338353836623364353538666437363361
35613837346636393731353836613530306339393065363737363734376563613031613966626166
62316532636164633839336439316131323333643135653266616366303262333936646530636665
32353933373661363161633963386238316430373832343261363165303661303638393136636631
66313730626530656535336436316630333437616339323537326138353561303039646430356664
62336132643239326161613232373637366666376232386663646137653637333234383039366135
38366566333930323864326661363537643664663232633164626433376534643536353737616138
65353665373366666666383866636163386135343636303361386436633732616137326331343135
31373032646562623662316262646537336363356431636132663536343964643733393366393430
36333134376562396663366361303833666562356136656262393163396539323665393236643463
35346532393235616539616434313930373237303866653361303133633230636162303630316662
32323634633635323739303735643161336230663939613538666639383237366338386231333332
35656363353264306131373135366130386439333430323466623033353336633063616463373462
65356339633565336261353030613038343462333930313932626338666563653837303864666230
63623064306532313866663230333034366365326165353361646461613733373063383765326635
35376531313165656339633430613935373666656638626331366461633037333566316631396630
37313463326236626636666331373631613637653466633161366461336164333664396138653861
37313238613233333165303661356264303536356232326364313036373234633933623330376539
38656134336635376165373238346633383430373839633134336462313361346561346665323331
62316162303363373835346262653663663136623762366363353439353034363137393432383536
62333962626331626539323938383561346462333939313538613033333139396462303861383935
62396263656666386363633666373333356637626236663862346630373165373834656532636566
33303730353761363536366161633633663334633533643961313331396333386639663338633932
31663562643462393139633035376536366634303238613462343263666561613435326131653766
64616434303738636335366265646639633834393364376637626333393436333663643432613864
36323239363832333537643735343561663135363363333136396537333936303231643035373031
61663565303231643935353064653764643435613864373165323864363432653336613939623030
30653131336437636531373861386630303964613931353036616365653839306166373866313464
35393235663434303138646638653161323233346266663439646566353437343938393035666438
63613964376237376533653833346534396363383336386532366565326131356165626436376665
36393234383738663535393737313634323335323735666634386431303731393931366534396433
63396431386463643532326464363663336166373130343434336338326361396161303532363861
35346237363132386139383865333131306139326234336538346430383238623432373466323561
36623931386331626662366466313362653365396239356331393162383165653033613430303538
34636461656237383066303735316430323130386166663531326230306666623961313562376132
62653738346434303365343132646463303565616564303130653233323565643664393865333438
31386364376131303563653534343761313632373830653234333739306332326231396330356465
32303834646665303463393162386338653333656234643630623764323331356334633665656634
31616661343834613135616265353961303865383433666334353431373836643037303464303334
65393335653839636333633531646332373133373262373166373462313637653036333464613039
32623438356331346632363835396631346563346632326165316366393365633031626636396333
65373131363530653566346432633235356538613932383731313039366165343337663130643436
65633031376464313731663566353065323534623563643733346436386239386330303466303332
30353662373536383161373836353062376165323536613137383430643432633637666534386332
64386330316164363864666235663361386339643339613664386362633061396430323835356638
65643932633431356131343864303638636162393037656335336663636639613864393938373066
30363932656636616135303163393466306661373037666361346663663564626230386435366338
30323432666433323039656362336239663562663134353861386239346539313562313335626536
35643939666433643064366635656439303563323065303465613261373139663538346230666361
63653438303666333131376633376462646530363161306630616661623535633730643138663432
34303930333163303262646666323634626663376162393734663561383633653434353538636130
65663262616332626635313133343234383761343864393632336331343866373134386466333031
32643362666136343837383461376365383630373363663362393537633235383836373966366136
62393330346666373963663135393933363234613065653761636339636431353330623234366235
63313539663830623861376265656531393231633036353138393637666532316633386639646664
35326164633564333764343135666161383663353036663563323339363163396165626133333131
34333862383933666131666234663231313035656139316331396435313830623237613433313936
64646466346331343537323639343433633565653539323931623733366338613836363436303235
65663261363430613931383736636232643730376135626630663134653738346361386134363535
36303061383834323463353832656462666661366538616431366233656236616133396265613065
64663664333563373734343663303338643439353664383234306535663864333634343430333064
65656266643236316663623630333135313333306564343332613134343031366634306636383239
30633064666265656135376665633865633235383237656137666635393033306330623430373765
30623663333431666333633235623538623538396334663061396662356562343066626565666537
39316639663237353362383661323935613631653030383764313538643030313038613264656135
30663333353938383832613130326161346363633230393233393432316536613535333737383938
34653062633866336562396337613964663739313063363761333836613030653339653666303566
34393663303230616530316162623637643931396436386536343865613364306566336134333137
62316264636531363461343233303166336133343061383539336363613361633438613939373330
63646433663434663239626437663330663532613665636333393933303265623639633462333338
39313965316162333437656637336230636265616432373365663038353161626265636637313264
33613364383233303662303466313935343438303536313664373732396630306663343536643636
36663635303936363262663863623962366634623830363035643764663932353761313336613466
39323934363062633366383135623130313430343062326234626462393038306434326438643331
32656632316466363231653430343134633337333163333363366132323463393436343663336437
35316638333030353030373633343261393636396137323632373939343538623864626233663662
65366237393966376631383933323136316136313762616166313138396632363563303164346432
34653931333631646435636236343166323732363833316532636266313134356536366163306334
65646438656432323765353838396639363934336565306462626461653832333439303235626338
61343738366332393032363137663838336236313133343839303261313934323066303830306439
38633863656430326461393838656335643538323362333165613037613464363531623864393032
30643365613737303164313965376131613465623034616237626132663737623133363432663261
39343530373734333331613134303132633935323131393263363930373536323139353466376364
32613264333761626337366366663633653531663964303264306264663930613838303665633962
61353538643437386161623061323037626133333934633566643265366361653238343735306431
63306230303531376332643963616261306437346336326462313664643362623933343764373332
31643238616361303839336630646133623166383664666239363438363462313965346664646661
30303233636638613834316634626531323132616266666430623331313437313466343565363139
38663436656666363163396330313664303063336162363866393734366566643866623237663633
31633339363765303162333230336432353663376231376166326632303664396639663932336632
37366566303365643438633338636431646438666465613534623839646330303636303461313863
64393039323466366538633764303963326236663430653333656132343330386365346662336133
61363832353834373430376236323538663362626265306532376264616537313562316130343339
65633034333864393364393863313237636533393364663562396433333265393037663263376435
66366430363136373064306237623566326530303734643730636164643136353038313766313236
62323764356539613430356632316464383836663139313263646535343338663931373334646239
65613533653932643235613963303936346139643938353838626530363635666366386234613333
35353732316162616237343333343362383331333636316236386565396330333630623738376432
32646230666466306131313163646337623436303630666530663633386437363565343533363838
31316164356630383764306639323864376563653963336434656562646537386462366332303463
66313466643561666234363331653135613963353635653631366237653637313738666436626635
62393538663331396430636430613136613130646536656561356134336234373035356537616439
38636134373532633038616563653763333339633034656166306566666566323436356166396561
33363038346230353962353230386539376134333435353634376237373963636233653562653263
64303034346664313131323736326261353163623333333535343563303332343064373164643132
32656566623031366538656334356139346638373361376462363636643561393030366332343736
32386638646263316566363633313663353935396238303763326336666237343761313164663531
66323736336335656536396431343236653434383230366361653662613233646431666130656136
30313264623434336665323637383761643931316433306263346562396538616536653733393232
62323734343262663762313233306364343133646435343565363530636562653963336266316539
63316431616532626338383338643138383333333563643034363537323861363133346439316134
34386236663532646562663331366536633066333835643635333265656665393336343738303034
33303033313531383136613861383162656538396365323162343032383261636439323136303432
37306434373333323331623966643066343963633632313161326135323730396664366138366537
61386139643937646661303964346630316465636438653033393861383635393462373133343362
63623730376363363262363630333231313335633238303333666564343965363462333632303666
34383436316263393463616332333064383765376538613235363935383639363736373166323033
62323662663661653734333638613331383433663837653032316136376665373733353836656539
38663561306532643938366431373665346437333037353130656339666662336131373966316531
31333239636466346661306138396230396537313963366432613333613033373363353261323633
64656235353935656538633338653138633165643338663339393535313730643333343134633930
33353830633962663535383266326434323137353131343636636233383337386330386434353435
32636163333933656566666232363031313937346435303030396336613361393365376434633532
64663137366132383064333366363062383536663466323130363735366261656562386233396536
36373035613865333332653037393961323232396664323337643031623939326561316231333936
34613538633261336438633736303230396230626433623361626161343335376137346165616133
30363465666235643034616364626335366663376436613266623338393262303035383331346364
30633565373565613834663964373363643064376631373862393135346466306130646234373434
31343938323965396164303736313136323065336435373130613035363431326135643435663534
65373835336363646463346132306231643934303666303062316666653664626638303234653830
36383062393137383335376636623066313538333566333439613031623664363533343962363663
38353433323464336263336234393763616464643938633465613231393131623632616635383133
39323933303565656437323839356265663564636661626262356436386531323330643765356532
64336362623134306632646437646264623064393636383937623035626361303730323538386364
34326536633666633165373131383261333462326639656535653662343937303634653961653731
33353462326232613136346466396335323832623430323938336438303164313664303664653565
30643935303961376230383234386362363361336635343239613936386237656162656535626266
31616362363036363237616365386464366331303965373663326437383264396632333838353635
32333736323961663164353232376164333563663332663962626238613331333639656333656633
66306663643939376533356462373661393762386363636561343165376530653065653638303730
36626262303636656436613431633738396632396531613934343536666435336663323235643962
61396261626431366432376562663735636665666637386335333538613165633534666632343432
33333932326665366464393737643232303236656562386231333335323365373064323436643964
66336536646163346336373365373534386138636235353865623739346266343338313063393365
37343437323065393332303632393434633230343436663033336666633733303966366165326266
30633434373035663836343631313131653538373161323631313739313764333633343266336265
65656237376262383039336566653237313635656533363962646435363362326438616439303739
39353765313361393335336364663836653939656265336464306631623261666561393531376463
62636335626332363236336265636338363164333935653635373066316637373737663063396530
35643138373138353532666266393461326431346134333839653538396261616437313534653066
62303136623235643161646238663563356361636665326461643739623036316239656639366436
36346637643135373831326231363432326437623561616334653866366635303536313535666639
31346461383464326137666564653636313462313863386434366132363830656239646361656533
37643761643634633634326339623434373863396334303439383339343965616366656262343730
30623633303538653336356634303335623933396535623163383863383365666535303866373039
66353831643038323236393864396132373036663064366235633930636661346165306532666232
30636461343864653362336262336361383938393937633830626535373734383533363331343265
30653463623966663232666138343964323763646662373164396564343730616364663236373037
37366464663439653230326631666639373833653163333236323035666338356335613264323432
33363963366237666633376535613761323236656462656139623764396262323166383465306130
61613531366133356335663564383837653965363735393461633965313261326661373235383630
33663165383431313866333030656332366362373036333432316437396238393231366135656562
30613361646361356539303432616564376166333830666636366334313838663863366664313734
32363565326538373739323031653764323631636534306338343662613064613462326365373737
35306265323233386635653237396665393331303830313666376564343030626237653663393635
37316332663262353236373331336163376439306435363234396465623439366539353562633736
64316466333434633933396638653264326238663239353838666339396561376638653737653039
34303162633238643161333332666436396637623231316535636134613362303761306164313135
39613038313262303839643538386530653732353436323666346334656662636337323834633264
64326334336566663338363936393839356663386631326663363365346436636631323830666464
66366664393532306263643432663135653639343937376139396465306534646165346665633764
37633939613038343539653365353931663362666539363332306638386562363963326136633637
66323035333531653030313231333264313566323265313735643934383339373532613864666565
37396634343663663565373563343833653364363064313039313936336238333661383563323733
61316636386564366237653239363938623565386266633233303935353866363663353263346637
38633138663638366439326462383161643734346361396662333130396361666537626636323533
35373936613362353839633334373438353930313035653763383630626637393737313263343065
34626330613530623636393239366136353639306661613136326431356132353239663337313566
32343866623464393133646163366332666639303530366161393964643366373966656363376433
64353236303763363738333338393938613333353034333465613335353163613032333534383733
34613630336366626562363237663733333266373365363639333336313838393263623137363939
66393635323166373663636261383865646632616464396432386462303535323036633030646163
62366565616534346138613731623139366563323536633366656638626661343735363566333062
65623139336435623432313465646663386366646161376230353638346661326630363836383830
66346261656139306566303435396232303062353131643064366464666662616634336137656365
39363666353036653437643434306564313737376463653863373266613033393837633462343966
38353838306434376561393732663739323237636164626336663966343838343664336465353836
65316636353033313061663963633864323265316433633537333261343031646163303662653961
64643731383464356362373463656630343035333965666663653736363965363936306261613837
39363130663339636239666365663738353633303132323763303338356163323633656132623631
35356239343230323131613937323431373964363364363436326263666365316337353438316431
30353334363636333165306332343831643832613361326331613536313538306338613333646362
66303435646330346562623635326661356630373236383235326464346466333365316463373665
35353666336536343561666464363039663139336662356662353361353961616637336364383265
65316435386664343663383265396436306635353762393832653365303335383266303031396235
35396338613064643434383264386462616237306235303835353836303832346233643132616137
35396231306537646231393034663538336533666238623135386630343263633632663836383235
65393062353837383737303533653537363262303537663839343939353037316462613937356438
37396564636639313837633866616231343236633130343031666434646261643062666138383034
36393764396539353566393766623166363230333031633763663964393566656436313536323038
62303833366639663735613239326336626532396463636236646331643134313437333638636432
32376136623132366433366438386366643764303930663032653133363261376436313363636465
36646532306365363830326665656135346632343965353930393039613632393131643166626534
61303636346530636237346638363666333761333163303438343432363165396339386235656232
36323264643462316137313738373166653966353439373661636235646632303739386235393961
37666632613734303931336135386335383863363630333661386462326336666537616663396531
61393563663465663261373635306637633164613537306165356163333838363337386437616635
61333236343639316337653264323030393837306164376161383035323437613234336166333236
39373064623939353536623536353438623864323137383932346436663931373232623831653936
38386539393831356561396430653032313662313964306435613364373034386166306464303463
36383833616466386136346539383538643130323864363464316462613333613465313438313362
64343339376131653132643530393732613662386563653233616539666336333939313665383033
62666534643136346562303363643966383535356634643362383765303933643061613937663830
33636433373539323863646261336133333636323332356464336166623738666439613839613331
30636433373034663664633038343562393461386633666364333331663462396635666139333932
37663130313364316337356636323136653564623566663431333465376233396563363864373662
33303636366564616430653264353365613933326132616536363462366361353933613632363138
65373639386664373435636666356363643066303637336264613838353335346466363033346431
65343234356230626430643833323436393366323461373339353036383030666339633665646536
32313333336336396561306264346531316565363239346632626238393164393535646561313338
36613439613966383134653231396134353365336364373736666463366462373638663963643466
37623635373862663265653539626535343236383635623732363164363532323161653166336665
33643861666237326438653233633135346632393966303933353563383832666166666639383063
64643234653533356363373536626533303031383461393364613332353065666131363837613233
37383136343338666438373037636633626162396465623961663531316332313635346337353362
35663939396330663863326534393638653334643634366664363966643865323038613663353832
66356636646565396432616564616333366638353364663534643764336230346430373466633862
66663930343930393030343162346265616532613663333334393462646465343737633430356462
61653237353335653537663764616134616539333164643032613166343362363334356530353131
66383962346366336338313061623863643237646338313335376632646234626139356339316532
34333861303265613234303930613839353137303834353334363939336230616536383638306461
36633534646262323735623630333864353763633732643039656165366664363362666164616666
66303565633166393330353730636435656136646665636233353438316562643437633139326630
61633362333533343733373032326331326261353938336536386662633530363261366239393433
63633536373538656362393365303030633031656436303363663165613536646530663737633138
33353539366162613539343234643537396635346339346137653639616234313632356631346463
34636236353431643963333439666633353533383739623536636162656662396462343033646232
63656364653734613264333066636132353730316239353537323463353936643934346431633630
30323164623638323037623163363462353335363534356164653231666264326439373735383336
65396633376138653237636634656561333633393964313664306136323035353331346163316639
65643938373032633230656564396165643864313463353034633533663639666363353332333462
33373736383862623566646261623837363834363062393038333961363731643830636531373537
30356231313331366239343732646665663864373038623865636535393366343635663030323430
34623162373562343637653166646161656437643838346238313139623831663835313566653861
65303264386164386439333235373534663933303037306631396465333063656364303930396663
62323366336235646361346333333566393663646132323234643662383861333765643463353463
64366662626136373266636232363835663638636230316638376630303833373737613165333363
65353437653862393437306536336662393964626634633862623637353262366337613535636337
65353666613662313661333434616632373263353433313562353937626631623337333537366337
36306533376164643038363366333434336362396439336664623764613866343032323536666333
64626332393438343262623964383961643337626133326363333866336263636238303231666332
30623038353963353738373565373162393231373234336235663930396166326636666434653233
64323031386164373131393465393032373063613832386163663133366636653363643966396130
34613762373732636238333834373733616565323031626261316333616536313466303161616163
30313461326561646339613566366235346439643633323238303265643035613366666262376637
33356465633639313431386335663234383037646166343532333038613538396233393661343738
62646330666635663135353463663634666662346434363931613139376233366134323361366363
64646238656532636130313363656266303633653430313261386561366564653731316634383334
39643762396138383738363162323238343961626133363764613231333438303766373837333138
62353364393765613565613839393133666137376565376532636566316439376639396336333738
32653938646636353930653035643839323766663836363834646632383666383139373033633163
35646336323639383039643934386636656332363134373330653666356563373930306461326565
64333230313139323835356366613666393762333663613436643636383732343839333231306333
65646164633433333839623938383762656533346135363139316263343733633636303233666330
65306433613666343462643861343434666163646634336466616261653733363761383332633165
66623932383066333930386638353232333438313538613132303334373730306631666162333733
35643238373763316239613930363466636666336535303962346163376531633766666332613034
30346162343037316439653536373136326633303332313932383834623733373930316631346566
32613463663335343562373265653264666637613536323062356539613064333863356238333061
65396533393535316531366261653231363633646235383034336166346564646361396537636131
31353036303632373635333238663030383064313633343534313732346534386138616338623932
33313464346634313635323731653663633162343033666665373534393031393361646265363130
61616263336364623261656237643166663965353566653064643534393736633834656163363863
65623866646134306162663163656632313937616265326530346131653832636630386236633866
61373265623565343265646538353561386136663864666535623764666233663566666664346134
63326566313030386565623435346634666364366335623861633733353961326334343636616662
63626235373365353636346631316162306161613934313166663235376539333835663732353764
64663364383435636361636435656630613639653836396563316435663166346330396561656465
63343732663234643437613234343161386133663066616561623664323736366233363263373138
65353266373533346466333637373236636334663130323538373264666538613734656435343337
65613564346537626633666364303030626536323661346564356331633866623738633965343331
39346531643632333937316564303930343538643865396461333466616337653763363035363562
39643734396366623932343561313030353264343838396331303739636538303164353538363466
33616434663465333665303939383165343463643534663938353563633633346531383032343130
61396165353662373638613038333362333234326663383261353639393263616138376464323364
38383761366434663261313237303763326365343435656262353937313730343536333065363466
37626633626338323737616166383561356132323430613261386137336532633466323033643530
33363036326531356338386633323933666365633037663237383066663062343938333765373532
66303731613032316262636537616135333966373363646165363434313266343234376462636132
31316330666161623435316130323566626463663264653465396231613133356266356534323361
36646361653639366532333364386131613566363736643233396262643062393339313537616634
64343363373634633032663965346635633338366133356262393366613139383762313264636232
36303432313735356166616534343364326537363462303365373239363030303364373837636231
66343265366532633565386662373134363935623338653863643033323161613234366331363636
30656534656235346235633265396164643239383331373634323535663761396530383335626435
65613131333238316262393739313565383131353737326461333765366635393331363131663163
64633635306134663336313163303636666139633561656339343461393135336339376337313638
62656238613365363136353465663462316665353362663835346261386533303565383864623161
39343862646663343839616263663466643634313362303230383033376332323438643937326262
61346434366164646234386230333339346339323135653538356230316435313464343539363934
32653034326437653830313233303063613063363331636264636663313163633364616137663635
65623934373533653034356563376630313438343539376331636135643634306138613631663438
61613864373039306561333633363836646138323763373338323736383063646561623634356438
33623336623434303735316666313630336339633366303331633232663965366132373165346433
35383262343338643662363133393736646162306538336339383431363831386132323762326562
65313466323132383731303562326238396436326465313261386563303765613135386435316231
62313061376666663234663832356261333433303833343263303061386130303539313963643036
34623565656631356138353434353539616163666465633864653534316436383564623736353737
30336366633035303461646339353235383438613930333432386334356664363730343238316262
62363233616662663361633561663736306637336430366239656164303464346364383533656566
31343430393532393439373739666432383964643764386166633631643531653762356163333234
35313035653862656365643931653138396164386534313231663835346235633431616235623531
39356164666433386332323239303535663934643064346234316236636536653536653966373063
36363764623366633761343364653137396461303633646430326664666635613861316137323964
39323636613161356162656134613436653565363763643735613731306635326365643838316431
61363963333737643663323532376633353963363261646232333964323039623135626238633364
62373164656334353566663065623965636631313232383965633837633164323037636163363164
33313762626335646636626163393938353733306438663861326466333031636162336339383532
32626238613030623831383631376361643864656366306364626532626263663334316539386161
65653437373939666464323261643235393161633835616133656633323633373139313938373531
33613331663030363337306366353135663466633931633865336462356664363338333961303637
63346230366237376239636535386335646663303230326134303463343031333033356166656263
62623438323264346363626330373631333335336636653135353836386237393337383838393563
63333232396434613031663965373261663366363063396433643334623132393438633763346535
30393932373730656162383365366532383833393131376131333638633433633932326164346564
33616330326334393438373331616565373362323234643266316533656538326231373434373937
30313765343333333764353130376165393661393039613063326262313961373336643630646139
33613333643766316137336461653461666534383263333437393438653132646632643934656234
62373732623138666233643537323433326631646533373430633365376166346336386631313963
62366439313663666538623064373763326539356133333365316562306135616665373334363861
38373963613732313566313266366465303434663330303062666430613638656638353034353637
66326134623336356366393338663131653565646439383635613066343835366639356336373230
63646261376261303063636661323632666237373430306263343134376264623266313162616566
32363635313033653737366535353239396635306463633563663235366536313639626636373335
35323136396133346239633638366461383830313033336331316465363630303861333337376532
62376166666161633265653837613138353863386338393461333334623966666436346532646537
39333633313333653062646264333430326432386264323339343837343962306238326235306336
63393063666632396665663133356366343531386563323066343464313663373131373131626563
35373930656662363738623539616664393064353638393336363462633232613834336130633138
63346232383933383161663635653765626166316662636534313964666234313438363863306161
34333763336436353939633733623138363931626462366335666232343534346363323963663134
65363832663836623938306565623833366630613238333539666563303235333766313663383735
31323133363166393930623261393264356531653863363963386332343834326163656430393738
34303331393733316362336337366637316133373864366539333665346433353665316465633930
62356638613839613439346535336339396564663233613535623531386363303832626132396161
32336336623964323639386263396635633536303638663165323237396562633439366133343832
39383730343432383338633230613835386433616666333934353435346432613435626339623964
63623430313134646566646261643139616432383065623033653966343861313432353763643836
31613533353538333662633163346239656266356661323038643038353636363938323432333030
63356562333933633362383533313832303966346335386538346564623035306163613633636633
61663866313162333130346536386337643563373534313662343030343230633738366361653233
62633839626336303966363439393631313933366464386465306339616562663666396639393732
32636338316161353363323634646136346133663931656534333332663565383461633665313333
65613131666266653337356536346437656331643963326466363939356430313036336635373161
63363936373365323561626332663366643237366564366663356464353632666663306165376630
33623937313230626534336363333563626161373865343032636134393333626639313730323366
36326535636565323032336561376362343233613336366134356439346635666164613131393463
32333864323135306363376361323766383063633662656566643464333732633236346162656666
32626361373439303738633765393865333861623063623731616636373665623235343637646666
36333432346362313862643130383633386530353335383963386461613132623964633766326131
33383064383465613863343230366431646232653438613535393265663739326166643831313463
38643364653635336130643735383861306264633931646264333137356134626639376562613861
35303537383435323662386339316266363933366364346661623364363061393264616662653862
39666664633364363939383063353939316632623930343337353433363433656332646537633135
35393435623030633330336464343830653762323234353039663932336133663761323031623364
34613661653937383134643061343836386464616138636632383962366465343861313733626661
31643638346433376333306361376533346565613866323166643837653334653233333737343538
65666365636163323539366533613838383838353732333731323130656438613064313362383032
39356237653738363338306638633063623133313934613834383332383939336235353338643437
30663639633831333338626539343732383661333365353038373237623464656234333735386461
65336535363930383833643539373865363138663964623330363531643333613531383038383932
30383531366537616662386362373137626236393133636366303230366137303164643238616535
36336666346431333536656436663130383233356430313065616561383635616437353566366237
35346334353237336532363435396631356463316361653432666461333430383134356133303964
65643033376564646333356462333033346631373761656536383734373738363561326264633936
30333835303537343132373339343162333836656333326632636261383734343032663265333861
35633731336138396432393931613862393165653766666238613563643561356636623065623964
35643833383239336463643333376432636539643863313166666462313164313163636661386130
65316135623837633462653733343133366665653662623631643436306134346630616263353864
34613837313061393230343737633633393466643630656437353136373562646563326262623564
65393731343930316364303561656636396166346138343430633763326337616566323766333833
64303863363438383634386633393534326432643862343061326365396665386362363930633131
66656566313464646137396262353837333263656632386366353964653638666637643365383435
32616165323766323038653639633261343939663964346230366566323532353730653233653439
64363839353265643036383966343266663566323961353833363632343336653031623765376533
34643065653732353934353530386664613032663932653530373761663131353164343138643066
37396362633538623536373139356635366663376435646534383433643663363135316639623034
35333230643436653031373134343030663438303934626562353531333538306636633766343961
33346565653230623730666138336465333939356639323134613237383565346662633633393833
37653734323966376632383565376566666436386333396464306263363364366233656361633762
66326533306134653537636531623730383061363262383931343536316364366165313933646631
35363466343861323239633961653336333233666365643264333936313537383532663566393631
30636633636464373932313434623462333337313931373263343930363133386564643261623334
36633864623161646331656638643431356261643431656137613163356461643466636335626433
63313463316638333363316531383930303433373161616362326661386134646633363133616133
34373136313764333962656562396163383930623666666164386231376538396234303533396335
34346433383965616136383466306237663064326231313961663036366433323534663062326339
34393064343162333265613638623837323362653732366465303531646365363963333337306162
37316563623238633535313862396364643362363130343864656634623439643838616631383331
35613066343836613534393835323936653035303162636232376261373061666433316332313962
32626361303565303966333739336462643063343566323665626635663263303833633935666230
35373137333663653931303038363632343634363463303831346462653164336134333662663336
63343063633438636237313336653534623231393735303837326363643532633033356338333139
63313065373262636333663765663333616536623232313566666635306638656238653934323938
66393436303236353565383466303033616533346336323535663531623731646464323638623238
63313237626437663461333739613766613866653766366331326634613664343139303061663464
31363637383139376164376531643764656265646266613565646665303766323163643131393435
37643262623036323164336236383266353962656466383662656638663865303537366364373336
31343463656362613265343537353337353536313134353761306633303166363735353963666637
31363539653739666534393764623538333936393966663964396132633433366434313634353039
64653766323866353035633536356638643032646163623936333837386438633832333637663861
32316664366435333864663433313335333231316261623665616638363864323330333066616364
65613432336432666538633365356464326633643564336132633837303233333337303433353138
30633965343861393036306332623535386430613161663030353231653666353934646365646261
33303935383234343031376132663364343665633537356234346433363737636435623064333837
61653535653239643932663037343564386263303661626339646464616334343432343832643438
38356138383063613731353136336532383264363361393936333039393061366133383236326161
30376663303730633735323966326237363364373731343331373733306464303437643435386637
62633330383862323439626261376264636362643636353862353861656238343430343634653863
32626536663530366537613037363234663666643537353835653439663932323935313661666263
31656431393337616531363936393131303161623864663264646333323065336532316564316662
62646666346334623831653835336662313662643966343061376164343861366133653739633863
63626665323733663835303538363938323536363461376437633963343566383631383839363431
31333032666262316266373037313734303763363136316163356166656665646464363138663139
38373864656537663464323165646532663635386261313035653638303164303839313834633931
37353330306438306464303764633934356665303833366331373263363937343539643661383961
33623266383235386533386435326136356261303438373439663737353030316364396436306130
66363065336364643532666337613030313434616131353866643036376232656633356161366463
35303937653436666531626163613531326233373066623338643234313763653830393730666136
62656532663333383366333037326265653636316533346234366436623637353062393234666339
34373535383230323036366561396265323736343631376531376566326439356637323965623839
33353662623836623132363436646264333163666265306632353331336232616532383730613263
64663462616462303061353566386364636139393432363865323538376164376532633935303631
38333930613765396436653862316365393935643435623961613131383565326536346635646465
66323231303431346532393161653039353166366363383939383135663534636663393031643331
65636262663266303834656164663833353761636264396663303761613834366531613133326235
61393933623333653062363065663736316166393530633963306261303633353832373734323231
37626533613531626638346433346665346539633730356536613530333534353565636666333330
31333561353230633265386237383239343232353561303134656234313636656265626662313535
36633664313463643034383165316332636561623934383161653935393030303361386532303563
33306332343666656330363338623333626435303932323338306430643130633633313866643837
33643961383266623363303631313837656466333165613330363835306430373231653562636339
33373837613362346665643338313630366531373937396638383033653962383831396637366565
39613865633561303133303861316366366563343365366163323431626336356332383531656136
33353930363430633736373332643666343532373233616265336633313230376435343332643566
39623466363838383665353065363232333933636339396334323762373332653536333261373839
38333665363162653864396131363162323066373461653265393337656461613262626539303039
65306234653833393064363333636537643533613662386137613730616462343761326334356331
32363430646361363963383965326631353237633538626639663237643262303131323565353564
62623866663132316336356538663663343931373630663530333939353564656430316331626465
39643731366130323933306266373061643437366165653862643661323465333934373937346566
62633433633730666331643332383662653430353261633633643534353466366431663163646431
64633164356566613432356564313163666262373032363735613239313233303238643132316131
35366233626137336564386134343865386663663032386666656139346439623935663062353663
62383339656139613639376163346433346134633065616535633037343534643033653230363762
66373038653061663766663166336439373739313730313734623462303133323333663562336562
38323934326339653565653034336539643264383433353037646161613865326464366233653132
63633263336136393963393564646431333361396638393466346135623934646531633339396433
64343764386239616535613764383761653264633334316438663764353335333066343036383136
63393030633031383065333831313739333333313230313935633265663465656137
