$ANSIBLE_VAULT;1.1;AES256
62393033643138336561336638386533633336646633383064323431613130626130363837616561
6366303261653738663530653333636663653631626166320a366234633063656239626634333730
66626364666263356466613363633635626561353531663137313866313564383166636130636432
6265663533663265310a346232613935316466323936363533353863313336633165323131666638
32643434353638643236326336383333346439653533353566626534326135663661353337343836
63333365353630373836356465393038353436613037623936396565336238663333363234333361
38356131386538343135643834646236646638346130323362666665646232623562393863643764
63323131303438313038306532316165343437653762356635343862633333643935393234316535
65376361306266383164353866646136326338623861303137636136303066323164383731616239
30663662623433303365356339656463636135323735633034303832303534376232323131653130
30396265373730363830373861363637383236363930386538336234663935373731656566313462
66353932303534646363366234346635613064376330663266393665396334336635646163306465
65643461383561333363623837653832333133303930303365613931303834626362633536383831
65653035336431356564623535616434613530326537373036393139366264316465646632346532
31373364353063643035616565323432633563643038356432326663333964636238366434313239
62353564323439613736386662336135643236363364393266643065636330306638323130366632
31633962663739633464393361313135303739383532383138316339373533323332666266396233
34363135346131656433303336616231636133333530336265353365363030353862373934663465
62346535636563343836323339306466363136343133623764633862343133653363346434336661
39373437623465643837656365346436343036323835666466653731353537643366643062666139
36646666373138633530633563383462623661643837626561306164393432653639393864333436
62616636373731303436653432363931643761336361653839633938663935373532316663313961
38383634656532353665613462313462623338656235393531613638316133383639646464626566
65386138666561363439646161343832303231626531336234363532396537656561316632383536
39373734373463663938663934366331353136383430333465663865396666616662343961336134
36633235303430343937363035333062376466396338663236643366646533646461363039623533
64346537616638363935393035653533623338626238623765663665376262386537616261313961
64336334323538393734326463303065373330393837366134653033613933663462323864613533
30613037333930663731356333616666343737333766666339623137336464613766646433313939
65656432656565613736346463333434623330303135616134323933643131343332346365656430
31623164353930383465356638376335613531326235623532633336623163383031303835343964
65396237366238646633653937323530643464343936666238623463613939643061613635333363
61656436313366373935616130383062613534616435356334623238613063396332636139616466
63373535333536623664663035356130383035383733663662616432356238613335663530333231
34363963323165376232333264633932313930616362656134666438643431373766303531343665
63326636353239373137613663613363666533303566393261646630653733626434323264393366
61383134376361636431306462653530633331376130303061393862623038656634383038303138
33356465393130333330376562643163623565343166653964316366383330373466383238643438
61313631383766323630656563343365643735393162643337383062353339316334356662653232
66613938313364303237613663303662333731663538356363346363663737333364616163653834
31346433666431383266613663636331366639653461663766656565383163663331393466336563
35373236643037306362653261386534353432363138653162643433646566323834313565323634
31326433633830623830326163303832396661363636366665663834383364396562336361616464
31666164303636393437363335616565356161333536336162666236646361653135646664646464
37636534623839393135303631626231306439393264396530623033373434333334653432663735
39316261353166653631623063303230356366653431323162303765386439623133343735626239
36386663386561363236643637316361663238336337643736353334386466623136666431656338
39316561316536326363643433356534613335663263613538636335306233366565313762316162
66653362376262383736633263373636653536336232623736366337386662636330376363343965
33653562313332653034363265626134636432313932323334356135366562383431633935313430
38306430353831373963626630653866356337343365623031643334303032343939373130343266
63306338343331616132663434376166326230643566306261333566373630306437663962316436
30626662616562316138306433363035363736656632326430326437326134653037616439666265
31346139613532303435656363393135323266616264656339646133626136636133373931386131
32353838623032353933643738393037646337313937383032383537633839356266663133383939
30393332303235353239643330623339343966393966306466323834666565313866333837383233
34346365616164613134376434313638363432323631356462646430316232353264363665653663
38653937633333613034333964333932656330356131313436643334623435623264396437616338
64356235376532633636333734343838333161316263343636633365663464326362383430363935
64343861333737343762396439366637346339383739323361386537376632643035666664383239
61303531643539323730333936383737313664373533623132343161613437613665343162323631
36383564353866653132613762393862613262393066663835303435633037653864306439393663
65373465393538383133363039353061333864653833386262636439363862633934323138616330
38623261363534376130323535383530303934353937636666373036373131346133323237386165
63613164313239616236396665633766316539653761646630363366646434316264323763386335
63353738336339363663356233303532333531653162623231666633633766653565313132633866
39353435306239393537303730363135346433336263383636326233626637313733613463336561
62353162383564663166303637336235656338336333323265373339393934383838366562653134
31623663636264613438363331616436353233316530393062323436653261613631366663356338
64666236303531383235346163623561323332353531303831333136313131653865333861343661
62363864373136373765636532663934333531363234626665346136393030313930616538646565
66663966656231386532333364303239363362656163623834636561346235613261643031383536
36616439326162366662343532336532633436383431373135396434366634366365653735616231
39333165633339303361356234383437383334353132313634303931663233376538363131613636
35376265306135653330393837623639613663303239393534386266383364663866626232626433
35303931333839326238623964616539306465663132653139663735356635356333656131666439
32633931356537356232656536333439366135626439316637356234643238366265383732313763
30383832366238376138363933376437363564636637616231356130663563343435626130306436
36373435613139623439393835343266613632316632643366646364616239633038313661626139
39343531366439383435343239356135376364376135336566663432646262646336373838346437
34626234633163623965393864663966306261383930366663616462663537616531306333663039
33353436643138363335623235386230323831383232393463363962343537653563663064316262
64346339616238333030343965346235366438383735646434643465613666363433383836326165
34633963623565353966343164373133373537363062313864663734643938303733356135623035
33343066386135306333386335393734613861643863323137386462353031393739373233326533
64633438386631306636393066343361343262373831363035366132633663393136636436336362
34633330633933643336653961363936353462616335666361313762646231633736613366363033
37653561373162646532616130316532346163383031353836336230663735326536633931393130
61393035353364323534376639623763386136616433383738336261343165373330663631343165
66356431323065313466363464316238636135316462303361323461393261643062313937393961
62616362613830643966633030626364353461636135323030633739393364623666363864616139
39653336656634646533636535653038376330636662656336633263363335396263633062336234
33633364643139376337393238666265626665626432363530643063636331646332616565663130
35663733616665633435646165323238356637656331316435656364636235346530343933356461
31366433353965353432343362343364373936643161313762333039326461343463666435383261
65316234663739653231623765363235363434656633663966303266613934373365336262313865
39383361356366623765353264346236663030343132306434666339333162303333363636373934
37336138633366613664333639653331323666316165353734343266623739326466646461653635
32626135663665376239343033336161363234613963346332306233343462303132353066663762
35626331393436623766396136613237313432313361626164336339653231623837316237343136
66663736626338623963396133333439663263646439306336656532623234633736323564333231
39643032386532306263323739356639326534623034633761666232623035373864343634613334
63656432303139353833653861613533626665613764643361653338613338343730346562343366
35663866313461613036343535626639303737343939626363373832333438323130343539366436
61343961613235646166666566316565386631366138616236316563643630653762303236613938
35333561323238616639303632336337323836633335323866336164383531663933386237396465
32303936373435663333613635393065386237333535316663656635336366616138623533386535
34306533636661336632353130666463643736653831633838323666643236343464623866386637
37393333613835613161343132326137666266636563313130386437313431346565633633343238
35316264626666386663353437616161346532303038623733383637393164646239643637613366
63353334393863653237636336373635376434333761666632353131633562346565663733663332
39303834643666383930323163343634363633366532613131623635656232326166623865363338
32643237353262333464326435356464363563623966626266386538336136663031393434373333
36316435363635303461383037333239366130643666306130643639306362623831636637333966
38396364616661346431393063333734316131376438623835633939323633306162616538653132
31373334353963333962613338633532626265333636366534356535333634383132353964663633
39353334623031633931656232626131333736363739396130653265373633303932386161666631
66393964306264383039343031636635336133663937343433303736333037383362343132646265
64636664313934363166303162656432643435303365636465356635336562343866303632376331
63393331613037616135366636396639376436666232303631366161663962623465353031326630
36373931663537643239333430383562616262373035343165396633643239376466363430356130
31323533323335626136336161363163383136623230313230633436376235346639643130363961
65613836653734333134643163383431356433646537373833323831653662643935383763663230
62376330646136396466623538396638373235326463653563386462626236646261393932626333
33373835663964613231396565613561366263353333613163316339343730336434666536333136
39323339306233373564303361373636666638346363323733316637666136303261393933633561
66626363336231653233633630613534633639643863646563373735323435663262326262386633
64363762346263623936613232386431376338613538643736396230306663316531663935333531
65663033333566353766376139613236313034663161663162636165373161396531633562633130
36613361653436366133303431303738323265613432653832386430373733336166333430386133
63376133643132333835383065343230303130376163383231646131393935623634613936333232
31343335616461396265306432333533636662373166343738643162353035616537343932626165
39366261366239663538343564343066333336336332366530613037616132353937616532323466
36333139373232656536373634636531386337306337353731353164346135313365373133376437
64613636306466313339326230653137663435323738333861313437326338626339313033623463
64383336323438633463656236663763356363616535663630613861326666353364663634326163
30363932343833636135323561633765653861383562316239346236306162353031623864383331
34353861326261393965333230306534653430613833623665383064646233633732383739643536
64666232386335313835333766313339616164313631623366616537656239613365636430623435
63303338356463376362346433333333336439366263336161313830653464633334333833376439
61306236616661343739643537646535343764303933326566343031356332663964363037643132
66396530633734376162373137313834643935653331653461313237643533396566373565663239
39353136633731373938333866616639613538633134376335356262326439666662633161656337
30323163393062396166323434396663326631663765633865396265316239393234623537613436
31386366623164653861653164353133613236333736373330656237306339303262326662663837
35343033346435653164323832393532623436383765366234363165623736363063346338396632
33613037653439663636653263633566353636626631383466343861373238363462366635343065
39386339323138626336623961313639333235303830663134343935636338626363636133303761
63633134353262323837396364613461633333383435636461653736626335623931626365373138
33373536666332373363353337633336623135633762613562363631613236386438653538353561
33643638656233386230663233356261323034323762616336636131353531303638626634313134
37656263306439383435663735333637666363356433653263663133333662336161356363633566
33666563316261336233326565356138333735356130646133626163656138313836646364303665
38376134653631353865623237383432363133356539363937383564396330323334373666663037
64653832613435363136386633396638353830666363303230376366626337626165336663663563
30316231363931336666653563373039303164356133336661636332333835316139643262366438
34633263616264653735303237666439636336613336353132656262326361396163653230376164
33623236383138616134663832663466386363346432613031343336313966393637633166616363
32383136373036343261356332383634383366656664323531313039393266356134303438663435
33366262386439333339356161323064363931343433353332303035363533353438323234383062
39303631356462323033653063316236323836323939646365653563383735356437336139383637
38353238353261393461653265623061663232666635376266383432663464376332626339366236
34633035323539306537396638633063396163333263373236306463386465323630636261303534
39396164366266663766613238613335333732653232323232316337383165623462363362633131
61356161666563623737373038643530636461623965663735663362613536613731663934636235
66346235316332643962363064313165303730306136336435643339643235636162346534666431
34333130396239356336303338386139303938383664373032313363623131363337626334653263
63356438396364383462663632656439323766623239626164333263326639663431353364333632
62343431303562383633613565656462333238393863316230396337393139306665303437343936
66626239376263306132333333396166373434663965353330633534623232383034613534363062
35393131613165303038613139326264666538323935383039396131396532653033303932393231
31623334636436386663316362346538636630333862346136623134653839643863396338636439
63373833393531393233386462393036643637313833366332356630666130613836333432326239
35626531333535613232306264346434383632333339353535613139633835653263386362383637
31376636366634323330363764616438306137306231616234373465613930626266636166373536
63653664393562313863623230353261303239623164666531303133646533373865383562353333
62373566316330373766333835646431613237636563623939666365376465613337346261356464
62363764346134663937663032346535626433363962333466653965343931316130613739616565
65626633623462326234316465663661333134646162353536653837623036326535363430666432
33633461306363303865646461333566393230656138396365346265646336353633353434353130
61303336353331376332623832393733326530366635636535356562353837353837666162316331
39653030326666623561643562393866353062653633343562376233613539383136626665303933
62646135613066663838353133336539646366633639356537633936333466623338353337386566
65633661333963383934333564356335336563353433323537636161363335643135386665326431
37333730303630663866376465313464633032393037623666646564383932343136353064636331
37613961326233616535626461353739336266376261616438626430316462653961383733646637
34396531653436343764633034346366353963626132356333663966323561336264343465333332
35623239386562663935646662616436633462313738363934343263393230656230383335656131
61336532346337396263626130373039663234333665343039333637313930376565336238643434
32393365396539356132626463643862613836613333626435643539623336666639333264323461
32343563343838363238656435376630373831326131326633646332326532353263333462343034
66623333313864366164333363396437303262653630366136373266373663346438393063333037
30616636303235353261656465626639623239656134373833643230363164643436303336623635
36366131663036326432653463343536303637643535656661373538643262313361646664653335
62653134333335623465386330633562353164613064313133323831353366646161323863643235
36383936393534363562333861653864643532656338393664623735343937663039383662643435
35623536313563363364623064623462393031393166396234393239303134366664633234353538
63373232636238653263343235636632396430633366613366623564666363356563353562356535
36393139326332343539316666383064336531353338656165633430356562343130636135636636
36306534343333353636653765343464613038363261323433393432333362316638363963623764
32353837323834393662376637393132653966643238373535613561663262663461633565633139
65656162303731383338303434626439663434376538623936306435613538383832376139626231
64366462356133326464643031393263626665626533333134623363316339613138363938383936
62356436393063393161656233643837653438636435623437623136633238636665613335383362
61636335366433356537666331633234643038313161663666303034373564356264653761646466
62613338373337646664376134663436373062353966346632616563393037666466316135643366
65333132326639336461653339336164383733666462393761636232643930633432636662393962
61663636626336656265393130653430336361396135653538346364306234373762643163396261
34636263643463653334663133353734303638333664633236333361383130366130356364663333
63616232303865633135353132306361613732313737333537303765323965633530333961613635
36313030396536656137663262613462393866666237333731343965643538646432653361323662
35646661373564633132666638323663386161643766343131303362306333363465303930393664
38346634316631666434386337343238633236386336323637303765663433393436396231343232
63393935623237393433626531306166383461666538623763376661663239616332383631306433
63613031333364653664663237373230346335626239383135303230366630343135313061616534
30386463666131363565376566363231346234663930613965353633643839383336383836316161
61373135663135373139343932383939643265363836366139336464613633343532323733346431
38356566663131363761653937386661643330306532643934376236343231653431313433393237
61633238313865653431623962373238353237353634376237353761633832383030373531623364
39623436623838633264396630643230386234613639653630613864613262326364656137396538
66323665656236306138646566643266346533323362366266636334643937363638373937623832
32363134323865366461353834666361383833303234336434356163653433333731633365613261
38336664653265623832643739356361633863333265656564353433376165396239666330366335
61316639393462393937333535613631323234376137616463316163633036323965626662386661
35376439313261306666663430383737626461616636313632396332666133636335643363313235
30363563336332343565366539396634643336636463613632363731623630326662393964313763
66383038316466303132343734626566636431343034613961623938643531303532343036353564
33323839666633666336646663363461646339623936653636616331633030393964366636326665
32316263363964326133373339333835653036333439353332343435633565663531346538376135
32633833653664376335623762316362323263316364373466626139346537663762646333303638
30656561656230363737363838373239626336316531663761346536353637653635633265613431
62396533616635383564303938356537326433616163653730636261383034356339643961626235
31636462386130393733356664353363356565313635333230393032323431336430643162633439
63306637356263373530643831333832396133396366383237353338633765616638653537336231
35663233393565356538353565656266323232653034623233653863653866303765366233303334
64393865343535313030386164353132303836656163313036623730666136303564306137393436
31656564386132636663353036383636373037653333656562653331383562656437363964623465
62303138623764396336356664333939643663623935613935383530386566653935336537626239
39396237666666336335633837613639663733393363363535356532653236326435343663646339
64356334353338663833356530353739656536393661333334636539313435653061633566313137
34313661643561393462646462306230656133353262633236363238343739626465666536303137
31346536643533663733363065316435633061393733363663633039383061616266616435653464
33353565333636303036333433646334663733393635303165613561623664653261313237303462
33353634353932343962376139343530383861663466386532316434303134343635373639636565
35623536373434383731633566306466663962386131363164316563656233373666353831356264
32316466373463323265313862346362616565663930643932653832623832656166323930336663
61653936356633363932343663633439343537363632643638386561636134626139316232376463
30633433633935373939666463656666316632316134383162323363303238383662346162653831
66303538663065336430346536623735623536336466396535393332623137343930383838323161
64663564643765373130373137643237396533613633333562623031316536333064373839353034
37633539653531366436616638346365373165346339643066316262383065396530396636336566
30363039623630343039636466373936373866656266626330343066303666666334343838346162
34363631653336393531623531653230373836643861313038326539663330303836323839303139
35373638663961313462393366626166643432633834306636346162636530366265366235303735
61373236313532366463353635316537366564336136316162656564613635356439373332326164
30356161363965616264333964393932613636613935316464333935393436623831323935646539
65373831613561316230613565363931613038666666656561646335363837373334376332663333
64393034636338333835346338336239626437353533633366393037653065613632343964623466
31613739326338613236653439376432633031666234373638353963393032326666393364613463
37323639363764356233356232653162326334636438643562356639323237626364653735373631
31306136323263313232633265383762396439333531326131376462303431336232363264303264
38636361353134643665313835626136353238653466323131626235356138393838333130363636
64663731366438383334623262643330326664343336383462346332666232643566656433346561
36626531656531383635656463633838316163343161376133313538376637343432633133643130
64333236653639663762656434373364303736326662313162663933353831636161643337636637
62393837306534323863646163396230663936333466336234656463383135643263626534383039
34393564616361356364646363373235633262643737373132343535613338643661613730386464
37313633303461333664646531313832386533613034353730333534316262316631646138383436
66336138316430373337363335356566353839333838303339663330383562623436626234636131
34343334383231663036363162633738363136363961326635343435373564396563653333396662
36336330336131663566613437386463666165653930393633613863323030323039356165383935
63613030333434366363383339346261373237363032376230303834663034363038323063343137
62326564643135626166326236363362613530646534313266626238303762636132626537643061
62333265656363616232383864393165623261333962613639633363626438633463623564333630
32316237316635373165643137383931346236666131666662383464646637393636396361303636
35633531643461316137353164623836653531333732313461666162663735383836316630396630
33383164343663336430396530396662313638353662336435313463326562333739396165653831
66666662366266613137333832316363353331626239333365303631643363623234363335613466
37616266666535346261653439306637396530386466636337653766396365393661613138643335
35633163376331336262393530363131373033353834336639373861363638373237356633353131
39666433363932383765353862393232343039653635623963303963626264303434313439323634
39303238306334633134343835356330343963636531336334626365636636383439663163303930
61323563366561306335313936626161653235353932333366666536363663366465333134383563
33623230643863616637363033366363666161666234653530393339363161663765326135643365
65346534343338663464653137323662613064633564636130643732333635313439656235333265
65663035393963326536343937653835653738373035306339373264326437313538383964313733
62303161353030353666353238373936323731636539633533373634306163613466663239343531
62646633383761376566383764323134393039656637316336336465326438333562336632303731
32376235373837343131316363336266613635363863373534386535363434663530323239643933
65643764666536613963663664323363393036646237663663393461616336326163363864653338
61643265623564643832643030656137306336336163353834316332366231636465656365653935
66376561626138613731626331616434316130363334313566353830366137366462313037323633
39633161643539623165386639663563613362346661653931346664616134316236306464663363
63323831333637323436393661383465336539363264306433656230396535396434393637373031
35633630636661373062343632396564353339336539623064336265366366303266373737643435
33613032303530643866653962626633383130353462626265633430666566303135616565646431
66353362656333363737616339653934633737323735323733356562303032346635386636366664
37336434366564633461363231316361663334303631633836646266303561616163666230636139
35666633386239653534333538316363616165396163633862646264313864303563353831666133
33323537313066323539633039666339313139313730333833666537383164643532623731626362
30636365353536326632363339366363353530386132653163393563656664316336303962373938
64663837383863386661613335636661623962633861316361646166386433613266623437353139
65343732333661616666363661366661366337363065373935316232353533356432326364376164
33323930343139343062316232653266393062333239616339383738643330326134653730303532
65643835363463306162656635313833313862353463353035393339383930373162333366366566
36333034363936306633336133623133373964643865643261306339616236613835356362626339
37643333316562663438386538333836373062356533366461333839353565393335313562633730
35323834376337383532383165353036643436666334373337646165313630326438666363313835
61666562613733636338363161323836623439333937313434336462663132616438656463643739
64666235663665353063336262323566313836383330613239643732343734306263653830333239
61636563333638383339333831373635633539316139623939623330323565316232613962663837
63643864313130386361643962353563646433663261643435663362333130323137653931326135
63313930343839396234346235323230363466306361616632373962653333343434623834636534
30373765373839383530313031346630306438313338616532666635343537393932653836623033
33653661343231643865373863656639666235613737396136373136663163653938623939333538
34306535383736333163303331323766323066303565343762656665663237666564336234623132
32616432396633646563393438383238323265353662353634306330316430393865363231343735
64313439363433356531663036636563393864376238616161616235366130316462363139616133
39333137623135383836353830323935643765323934636265366133323432373830666162666230
65316362613731616537383333326139333964376534343963343366326366373331656638653764
38633735643538336432343139623732306335616263623763643337643463646462343962343864
63303435306632643433376366393561393030336131663639623433336138376435653636623462
38336336633961353630636437653063646565326663333437366465633562653639316339393164
63386336663063643537346436363439656230343866336166383331633433383134376639333466
38303464363233633539366434633437396536376463636631373034313764663130326361636338
63623364313035333932376133313930373666653038623734643264393832313638313863656434
36346335653139323936663765363665623063646465636531336361663231346632646562376362
65373030656539373730303137373338336132346430643831663134363333343035653736646536
61613432393336356461643433363732316233303232333035313739313865316133313633383565
32346332663736306131333464663138363032326563386162313862326632356439313635663435
62353763643139666536383135393864613566343661343738383531373861323864306134376436
32323861326537353134303039373031393361633165313131613866663733353333373532316163
65616165383265363738613363316537343266353538333966633265653931353464373265366431
63386461306239663833643161323238383532356561623365386536313264646462623134393437
38613536653636343530343163393539656432336239336633393537376432663534323534316363
65653937383261313238373637363363326630353566336236323431323236613531623238353732
34646139323162633563326465353332653432303766663531643539346531323439356332653964
39326134656433376236613230633961366665383437343764613164316535353162313338313534
64326133613637393039633863396565613965336136653636343962636363636331313331373465
37343733393164633964613732376332356235306235393066383933616336376436636339623734
36346436643366336638333432393164356536336534383134643732303163323362356330386636
34396163376637633666663534356337623438656332323035356136643831343232303530393231
34373730386533393061303235313730383162636331613536616633383031333765386636386531
33633833663337356333363433373034306465386332353437353431323331363834656334646264
65333366623035343137316666396232303065646631613562393338326338666162303035346666
66303737356232303134386432363331633337383464333962326263323164323031386237313463
34653766393738386466386162333562313139373731623564316538623537336165333865376565
37366636363463313634363839333363323035313865346162366138316335303839313539643464
30366461366136343336613435356365633339346339666662633562303438363161383466623064
34343062393464343161623136663833323637343539636364316432643135353738306436373630
66383036366361333439626163386333303838646536336337376531626362653366323462643331
39303636623930663463643730653731396436303337303862653731356665363239333961306431
37383162333462656361633232636435373736663263383737393039326536343832333338633232
32336466343636663236313736626263363036366337336139356463626235646638373766323064
36623737666138353737393530333634356463383962366634363762333966356336313363343164
35323563343866663461626262633637336461633937616338343963363462666161313131373964
31333431363733393164626630346433303239326137623035643436613732653866313139343631
32666437303635303632643665303763346134333435383865666438656163656630323031356363
33383132626364333361353231373239633939653234353338656432313336346336393235626262
30373739666166373964336365373863623336316638353835346631313562363563656561623032
37653862633336306361663664663264663961643034373739303738373261623837643736343564
35613562303866316539353861623732313032316131306437316230306536366534363632363230
30306463323635343061383136353037396631376438366133636531343461303432346531663632
35616165653330336435653236633832643132363530643466643264653834383035623262356439
32343633323435333732316332313665613462383638633931653466623936316161393235376261
65656462363932343666623230333339626134303562613430363339343433343831386239336537
33613737326461613663303639376538633435393638623532646234376138633139303463666665
66363035663361383666646464306337353863666565366538383839373636373639363539313035
65336166653035353266353662316637373762303935663332393633323761653535656331316361
61396232336232653361663635626235613538353563386431353566313563313238326339623533
35633165313463353535326336346462666431653739396333323366633339353237643562643938
30303834336265373235393339646233623864313034303266653133333765306266326633343836
32653532633832366139643538363932646165343132643861633137353034306361623538616463
66613536633235636631663965366464653339313738643666396161343038356238313832626339
35613631313833643831666531383735303330313437656635346638333235616433643135353534
32356561303731393465303738396666653662313039353462383735663237333639386634643064
30666463333863633064656438623337623965333766633132633161373939383933303436376363
36616639336137613935313263653236393530656465313833333435363834336163326463323361
35336535323131336632633236663430303661373732616234303239643733343163376134393539
36646631656632356134333635666636643161383435336230343164343434393534313566666163
33303037346463386261343963383661366265373836383038303030366662393735363031646537
66333338386465643263623430303563363765643134386532363938353061356239636662316138
66623730333233653761373833666530393461323830343436343332646238343233643435666263
36666133323232363335663330306539383338373062346136333164363038386130316461656134
39646661363737383262313331666330313935303037643064653163636532656234633631333462
39303861396534313565623364393038373831663333383062303939323462313562653764306666
63636639633564633939643838313566366330306537656232313738633535373763383138363236
66326638666530383930663532666131613263653632353262323337656230663332386235373233
30313766393930366630316366646234626533656634366637306435303831343665313535376331
30333537373361333862393265386162626166633438616262663035663237633930376437353865
38336361636237626237643932353337313536633863383066306365633739643636663466323863
30366161323233636234383233386636663138616639636566313865373333316136346636373431
39623430313666323437393336646235663438323739613233663533356130333532383932313331
39646661303930363163616137633233633462666333663230626131383234323061613463393836
37336138383730663262646335633937663065306439353663383535333637373438346132616564
64313434363664636334383034326265366236356364353361383833383061343133333063356638
34636333663039316363303038643261366331383062333934303937643865323931666131646631
34393036613137663130646433633162653236336332333234613134333738646439643331323261
39626539353763386566613333643538616436343862653538323965646131356333663235306236
66616266633035386630633933653566383964636665663035353461666133303439623139646638
38386232366162313537376636333165613235313238383463383033323232633438333637363461
65623366316661626331336439383164343838353534323137386264646539633430373963613432
62373836393565306133623032366438303835363264396364343564613036663365633838386431
36623232333430653831353239353635376636343036656564303839373461623037353464316139
39333365626263353836323066626135373764323836643837633038343233613464363638326534
37373334396663356435343863343431356339383865343630393730373262616366653564383737
39376638663332363662656235343666343564313563616631303134373262643062303334323632
37346538323837373064303665306564353836623937646462633430346139623831303062306163
31616666366261346235353334636262623734633363336630343731306530623732366362633265
61633962356163656366636433393233316665373163333632613232343361616662313537656265
33313136306232646565383135386465646464333432383338313432333534616339653932346232
30383434326661643064343361393466666261656263613534313438613336326432666237316534
63613962333034663430333566333034303766306161656262626262373465663533666332323836
39663964643863663465333631386339306138323932663232353938383635396562316530613162
62623333303363316131643834666633633038386531653433333865356463343463613533363731
62646435633734373330303337346537653964313564303762643530636561393265616632386639
30656138373764613561303238353231373730356439386431663339336337653736376662386434
61396338393863363261376434386163356365363663333134336533336135656134633566663533
35353136666238343866643435623965616136313636333731343664663066386539363763656461
36373064366238653432616432383265663662356562313832633861386131623031396562643630
36383031623932346339373866623835366364393434376434363233633966646137626465386132
66626636653561653733666465666437386233313938386338323235666462643766623735343137
38653632336365663138316361323364623636353731303363656462306138316331376635323431
37353334623466656637306436316530366330303530663037653532616162373138313566643439
38323561353561393634383064343634333138303663666339663463396530336361366538366662
37373831333338613565333936313138353632623466633965623536306131396363396162653862
33643465363535636139356334666137373031616537376562313136396463633736306364376339
36373137626433306534643362633737613764333631616563613364636161363462626363366361
36396237373632663763333661643130613836616566613961383764346231306534363662333832
39633230363362316432633662306631646166376639616439643162643263353365653236373230
38623332393538643536306137613631353462653434346232373761326238313763363132333731
34376563303435353831313763616464383166336465666434623862616536306537656463356237
37666534623838333565656138646331626661353963323562326331383836393066303363643166
34626463363361323831646130653037316438303962613331353635643332396532663431343639
31623838613232663761366562373732663030346665306430306435326364383833656237373361
32303937306130376532343061643735373335376665303865343132326430616639366332646230
65303633333932376662356235393562613437383662383765626462646234353234373735613235
32303534363232306535613865623133613633363539383431636130633331663666366463373038
39336366363839373934323937623065326264356561323663323738333832343730653862653139
39346562306366353939346331386635383165393461616130303636383932346164306334643131
61633434373536653236376163623738303036653637633766393330323336663939633932623564
30303766346162336434663463626438653063303138356331326534623763386538356263616539
31616132346533326437393837326530653533653932643632356630353237353538663730643936
31646265623266646130633133353431366231643830373634663133643634636463336335386262
63653333646136343837663234633039363732613864333166633239336365363834363533353863
32666535353738343062623235343365663137626438386439663532633234323933346362636231
35326230393636646662303236666166623933373966663038613832363336613235313736373964
63643564326561386161326161326435643333626366386436386665623334663261376639323236
30326133623936303537373731636537383564653834353632663338633937646638343162383332
38346261376137313033353235383432383534376462363164383662646437386434313963396264
39343235646331633631656562336131626662663232613035366236303062353561393265383031
62656361333666626361333962326266323736373136333333316239636533326164353764386531
66313037663161383037333165346135623730393531393737343964623963616439633337306332
30313266336531633930633636363635303734303466623934626133646163616431396165643635
34663962633237343734346566626262373738663666346539353035343536383835396235636165
30653764616363376266353663623364656439333039353732353331626464663636616661386432
63303931643835396133646461316337376338636633306236313437383565353763306566343531
62656363323439323830333837613063393761373665633663313732636264343933326334363632
34333433626633656633663830346235316566616235306538623630396634653739626430326464
62633430373335363933396136363632633930663966653265373863386336626566343930313134
36303261346366326165383564333136386330343136623462383930353336663632313538393163
65386234343437393363633939313463623436366530353165613763383666303136343538646561
63643836393332333633333631323561333036353338363162356561313165313538623039373266
31663538613230353837326232646366363132396666336637626432626331663730393132356362
62623934326165666635653761326638663239643866383336653437386666353234396266393764
37316237656161333338396164613030383862393434366634323231386264323064366365313037
31393833616638353133366462383532663763386334373866643237653265366466383736303535
33333931333734386534333333343663376262626562313237663930373934316266363639313839
32613561346661303964343939386262323864396339376430643465636561366337386663306637
62643539303237656437313434363430323132646532353830313834636162336366343936616163
36336334633337336634333861393232313336636439333234643733633935343638396261336566
37343363613934323064343334336663366464613839363261383336373438396466313465383962
64643861343961386236363835333836643561363033336636643736626534306662393161306130
64663662636166366463633432313936323565663633386235623461643438326264366533393965
64653835643033366366343431313965363738343436653033653634306330306237363533613731
63363031396436396263653233383231396139323537633364366162646463626161346362356136
34316530653333386565633231636462356465326439633631396466643064363662613939383533
31303238616535623365336235633639656138373263316632363138373733656137616337346635
65663332333737373161626238666465366436306130616261336538386334396364383962386561
62373138646137333236343336636462393265333334666164383031323335623363363164353736
38333266363062373435343635393731336434633833383764393637393638623665396234366239
64303265623863363530343166343161396161326334366137626238383939373631343438336463
36616561396464663661633566623664366534326336653038336430613934383064356532353935
63616137653630333339643565333935393263363365356538383831396166323030313263653662
34663438303332343635346566313935386139393632633738643564316464653035633936363764
33313335663331636461633136663933343338313130383966356236303161376532393832346535
39653964383731376562363433633330333738616338646330333139343061343230323334613065
66303765393730613564303530383737333930336330303461346134313132393163623933643434
30373766623232333036383065336565663634653235613732663934336431313239366433666339
33613565363033366235643061626466616336626138363665623831623966663263353939353832
63626566666433326530383537613765346332616361616162316131323362363934373539353933
38343630633463313131613530383165353830343739643534323666616632353939663562363432
64306533376536653462396366353336653634323032623964653430623137613366376261326663
39633232353339643863366339346266303337346330303764346438336665353063393531306331
64613934376562306336326238386466366462656536623636613264613463616239383963316436
34343930376565356265373562323235636631316132636230316162383537376438383039626663
32393834353933343364353730636362353836656563663962353038353531383033383939663836
63396533626161653661373763663236303161663732396134343336666130333866616330656561
39626530306431643038623833336235616436633135663335636165343338363263663465306230
34653537626638323965313236666134633437393263643364626464643833353831326634393363
34323564646337616438363864383036313061626662386636396239313966613337356139363839
64626466363833373764333862653365643630666561323664663730323466616435643936646661
35316564393033623531666533356166626537356332356331636561393437656361336439323934
31353531396661383963353635646362373636393763653436363363623237646436633731663035
64633239353037356366303434633033643438386438393832613037613961343366636234303735
61306562616661353739313932353136303762356538313965356565336432363937323562303362
30306636616238326566313166363031656234316634333063646434626465613338313931313439
35383532363162353766353739646561653031336562393631653739313766373165633365643864
33333161613837393332376633623134636437663864613666666335336332386265313861373331
35613037303931353762343630303064373436346630663539353362646334663065346633326265
32636438383637326632383932343738616237396334653735616335326137643066626439393638
39353033373234653466323736363533326132376435343636306132356334313465303732323636
38353835383631356364633562623162386339343531316261383135316261666332346164653936
64653666646464396237306162653834663063363731356630643831663262393763313863383766
64633030656430343930636336633430306430336232303166646661316564666461386132663639
34623566643630376465306533663966343334333239393663666565643439613232366362376431
38393832653239313632313230393932656130633362613063633534643235343063343932386635
39653035653462313234306365316537333165643564623639646265356332653365653735333965
34323031623038613132613535306231626236333431643635383531626137623036353538653337
36653236396437656231306266633934373935333838613032663065303264626433353964656166
63383337396535633931373833613336663366386436363438333764393735396537303731343836
37373365636335326339323335326236343339326232333835343138323730613932393361353637
30313163643563353965356463373766613864343738326230316231663030343866306637343938
38363937613931613330626338643063313534326132306539393638366336376666646265346130
36333333633834633937373563363735646135353266656137383636346133643731633436613532
35366639343066623030343162653830313936313361393063376233623066633037666337326261
35666337646564363930333737383730663565653236666334356437613733393938643938333033
36373335306365396635353331373436326132643363363337633462663534316661623562666266
35323335343165616330373766343464633539323832336538326437383733356334663533316265
34613762313831333365626135666466396461616339383831306633323336393133313630386636
33643361643138356532313661343363666339653466663330623561393331616339353232623666
39396135623733653732613434386639626238646535393137303434346361363264326332316230
64663932346332323539626230306236323563356664333362396663373430653538393338393238
65343762373130356466636237356532643935653637393334393233666237323465653238663031
64383831323031323833633862396466653764313738363832656232333435656330356239373964
32633364393438376265343330373765633061383332656334343164356366636534633264323330
33623962623933613064336566353134636462373766643233356462313363373136326461656437
63313130633761346664623562316134363432396235663165666161353965356238393433373161
66663162643739336332343463343431303365366166613862643639653435373532313364393436
33323934343930313034323138313963373534633030643033373435303832373935643836343263
64656262336339333238376563383133366263346439313739646163623030306162353330653466
63356638326235623261633233613431373237386239393738343834323235313035393830383331
34666536383539373731333836343265343430303438646164393531303430366234313166613963
30333835636362323462366464636235386664663831366339366266666336663866616337303733
39396537336165653235323964626466616561343531306365306361616237323361633032303532
62313765623864663838356563336636626436316335383231613061666332636430376664636236
66623934303362643238663461353262353265643538383264396537656432386436646266643336
33313366326632663431376365623031306361333265306166313865356334373261316634333530
34643738316665383635666231323062663938646562613266333633386431366630366637623131
38323836663834326639393137303663646363646634333035386133313933656465623537636263
33626263363538363862646364333535343662636236616235363036353836316636653731383466
35656631356333343533343738343034353931326164356665616461306433656335613830393265
31623565326438373961623739666561396231373465633035396232643536623736326162646265
66386135363832653365613364363735623566333833663630363361636536346664346239353636
31333266363733666166326631636134313738396635386262636233613338306663386433336261
33316238643331623838306439363262636331366165623839323837333433666439353237636366
65643831306435343864313763353364616431383636663432363434356237343661363431353463
61353838333362613962613865306332366464313236663565383863373639366230306166346262
36303961643933663766373563333235356666653130633532666636653965666266663130393630
31313631386463383264393561363833373832393132646163323932353466613038653930643939
61666332646138646463613933343730356461336563393935316630646435313566613538663764
65653039313031636161356432616236373464633066353738643030393230343139653437326334
39303964386634393437363162653661363630663637623362343631396266653463356132373663
65333862633462646534383133373631386436343939323633326236666462633164353138366363
34306132326566646461633834616430633161656165646130373630616431633334663566366162
66316665373436306231386133663465633762303061303563656565643438373237633634646436
37323534393266373738323733393437303936653538383833656263336265633738356462363539
61333631613263383264633435666632626533653538306464326363653533396438303737616261
30616632323533623730363131323031633934373635386234303838616662313734333664646663
31363431333231636137643137346665313235656165313238363565613263306363323166303362
63303265663032313163336539303938343432323361313039666537346534376631633664306666
65663038623866373534623035386235643935626461346266323466333463663034636137613636
31663664353761336436356630383335633666383739346332633838356261646264346363373238
31363065653366363934303532343764313066373138373331386165613065383135343237383837
34376365653134346531666165306631393663383832373437303862323162393265363530393939
65613537363039316335393062393738626563306363376466373131323765353439386438386664
30323630653161373366363461663361346439353364303465313034393464643333373031363238
32323334616432643365333132636265393165366561306630303462393064366239346130623561
62303939376535316434353130316339316636303232643838333137636538666139326363303039
37663334663165363536303964633362386262393439616639616462656262336631643036396565
64616439636239383861613234346665323736666564616263656162626361643065373135613232
32356134653562383233336566333735656166393135383861306433646563336234353631656364
65306632333732663138333731396237393437313163383564666334386435653064353365366535
35633465396230313235656137633336326635383536306163623430663164376232333932393662
33623534646230636233633261343561613261636339303434316262653334363161613039613430
64623635336662383932303466653032313264383161303036636161613161616462343338623635
38326265666139373531333461326238333163636661383937653661333265343636353261626130
65653261326632393937313965653039303463386466373762396562666262363037623164663662
36656236396233666561653830383039656663333962326261306233636266373231653932383165
66663665636361373062373738646261316134653635333265633737323630656438656132323363
37393939396638336137336432343764623865306636386438656635663134383739313630383338
37633734643862356261333039626636386165376663636462616462376265613431356633383162
65306462613539633231353938326566633033313265353164666262333962323262666230356234
34373333666464653263636265316232343364333862393864363437336165333332393964393565
30313932323739653032663031306530373836633838626437333166336238363766346562366361
61373965653037393165353039636266633065303236653466633632633837356364343961366664
65303438333635666335333136663435326238616236323737386636316138316663373063346365
64303036643434396164393237613962656264626533623664616130363436646164363634323630
34393931613334353939623135363732323332653135616131633466356462633931623630633836
61653133666166393437623864353862376262643134366230306532633638666132636265633130
61333638363530343966346362333665386363363263303431636632363339333832386136373765
36656564393864656562643266363565396330383163623461376362623835316238333263356465
34373263393739366435653435663335303936653331373163643136633835663766343730316438
31396631363562386463323066623937383131303166633562333866313431303336386533333336
38343831393636363062363863663530653534656265393566613530303630313564396532653366
65343239636266633635356230613966393335373961343737383564633832333830663034623330
33636261633163333236363139386330363531666434393537643333303137656564663837373562
33636665353066653231343163643961316133353864396138666233386539323233656666393931
36306333333237656164303535646666313531363831653432336237346361366565653863666339
37633931353731306661396539643264306461356138643336666339646163306234303830346661
61303435653463313636323538366439373637663966643163636232393837326561393536373033
37343261303037363237306437623739333732313831333930653065623138376664666264306534
37383334633263336232613666666161643561336532393036643264613237336561363139366162
64643733646233323361356639343734656136343038623937613265666662663730326635313562
31343664653239653063383536373238333832633662383039663237346562373035393530636434
36643961333530613534353237303038383062393332346132613265373132323230653433613164
33356237393630636634623035333235313966653837616361313037366666366466616230313233
63393830383738663434303935323336346461626139313633653231303534396564323333316361
64393961323537643230393535343336646333313539383733353838663463363461333632653536
32313463666361643732623432616362393265323864386430343763353964656636383533313338
30623665353534323433376637376261646535626262366461353130373838353338313135333264
32396664633366363666633633376633653762323732313034633063386266306533386235356332
62333836363065323836343835336534393832373437646131333537353835343239373766353234
63333831636464663563393661666636343564346339623233613137663735613332343764326233
39666139323362366437393835663333383637666464326437356234383836333031653132313239
33303433313132346631613537343865363935616463653532663639343736633365323162333738
65383761393939303534636332356537623930663933393363613930353338626133653637303732
61666464353330356263303636613232346664393961356436633036653039313238343733363435
63376264353763363435383232666565616535373363633034643332383264353064666566663932
31626331373735653938356435313033373933353437353066313035336630616366356236353062
62316531313731333933323562613065643763646264613439616632323464383433326537346635
66626538623264343532613130646533383266643136303732333866363265376330653735353434
37656263393330386332386532393233616263373530356566623637353839356337373863313536
65663635636163613165373766613130353465346166623538363037366339653766366464386634
39373166643038633566626332633764633737646463613435613363616536636137336465376539
31323532306634616566646463303132303532663833393036376133633431383763613737663032
63643566383536396539613432613265303833633330613438396439653566323537353632323965
66326335386235326265353636386265373634653339633661393036616633656162353663343731
31636234656161336530626634333734373063656639636363353166656434313531633865383062
35333366353762363136326236656661303066313964303038383031663665656263313433316637
64653061656634613833333830653237373030346139363661346132633261386563623561643065
62623631366635633565653361633531663831646464643662313063646232623062623862646363
66343766613232353332326664303939653733356364663963326431623666393136613165666434
32613132336136666366656534653361353637346134383235663166663664383536646131643831
63303463383131336262383262346533343235363339353935613335396432643835373733326537
61623964653030653534383461333631663562313661343761643236636664333839346436626133
35613064663366376462393337613465666634626634366637613938363739373836393461633538
34663633633034373166396531343061353563393061653466313338623265643962333530393332
31353935303063396437656464613233643134396531346465363233633265616537626336393462
34623263626637373733303435303731336366376164323936613261376137636535393730316335
36376661386339633837366466616233303735643130366164643366363936366162323366633234
35363136313466646531303839626364366532613665346163633139616662653130353663373061
39306237303964393039326465623430353365383664356336356231343733393437316563633739
32613839343434373431316433306263313338346462623238323963313761356264656331633163
37323766646634653730343936623432643231303962373466323162313531616632626333613733
37666262626236343932356335653139613065386431643564396239613137363637633335393965
31623633653331323031616134633738363039346265633566623562306533363532323664303262
35336363633734616165313834326362343732313133333536346466393137393333303162353066
30653738353538653361386231323638366132316137393034326634646539633661333032346364
65303535356565663561393531326339356532356661386638343063366435393761323831383561
36653266343330343935346435643063353839656366373433336637396564623235343563383635
30663537333661326566633266626236646564303935393161613832326531646535613962346661
30393533326639393437333432373661643739366438303666643433643561626461393938383932
31643365303034356430636663666365386535646163656364373962333238393061353334663563
30643064356664373763326562666538626435663436316661616665373561663030316330666665
31306638366433313763616437313138623332346561343131336533646566333936616234626665
31373534383866636635633637626539643661663466316362393733623735363164393138633262
30663735383537613361306637633531313533363335396533343239623138333761373262333662
33353461646638333634363038343238613661613731353765396438306166666637303434626238
64396137303538373430343961616438366430616236373930396135393439616435316538386536
35613437336661313839343431303430366164333532373566393533313263366465386466326435
30393532303863653738333361353966653331393334376338383362313664666461353062383430
39336437366366383231346331633366346161316264326235316531663235376235656138383330
66303138336530653539633736333436643163663233313865313464343236373462333862656363
62353965633038366532326637323430343639393764353065306535383631623161616132646233
38376663613563623234343063356362356262386339333164643634633232623639303363616434
65363331396231393433303733333330316534643364343135313239333931333034353538353434
35366435613562343431363238393039346561363736653038386564323135663435323763333734
64346661306661323465376563656535303937666136353931656432323531386238663337623332
37373334356362363835623061383065386135333462353039353466346134333439346364356234
39633432656233653264353264326530643234613334653936306561323634326531383538303663
63306234333839643336656632386561316464656231393136646438366362363833653130653733
62643037366231383862323137323834316662306430373230653131643966623934363632613430
36373035353435363237363536326336343730623937303735363438663662396530646337383666
38353331653565646137366364346432366363323065343434336134346431653764333965333134
36336165333962306462663762633666326161653561616562323334363237333962326539376633
61346565653461616161333238336436303836333334646136363639323365313834356139306230
63306266666266313166633134643832373235663834396533383538376263383734303136393435
39333636396231353161363636316261386537313333333137633632386138643763636464303039
34303131313366633866386335653539343266323431643365653535393138633331343734663366
63396335386166396361346564353238393631373234323535623734643638396232626635376538
63636462326462333334313933343534346164383062346437363538346435623362643166376464
31323363633563633064623065343636633264336431373164623064313764643631643661373862
35653138386264666366386234383066353365353863636333636138366664656635653633666331
35336633663866303235376130643963646164633164346561316463316331646634306438323430
38373765656166633736383134656462636462346537643631363937333766386333366138363133
38303164616361393237653763653435333266623336313933626130336364353438356537313062
30633963613562646532303836633035636666653036323234393732343163353966646362613463
61313937646239663833313632336635396365656639333065613331313439396633326338383431
34323530653834663865343636366432313162356130383139383134383632386464353466353061
66356565336637303638333937653863363064343931663838313031646163616530316464396137
36346138636263666533663963303936643930663563323431373339626131336465656239636136
39396534383036653762323534633733306232633736376237323565393732306565353339643666
38313361313130346663336265333764626430393531353765303836653763653134386661373933
38653866636361393366313066666365393637376432633338636536666136643130343163643033
37373435323864316564623765313963643034336231353638323138346439356665653038393465
30633465313032643637653837653838323937643764663230336430623130363464373335303735
33343732383137636665343634303538663538313937316132633964623436323264623938613066
31356235653263346135663535303736376561636234363664396364346664383765373532393162
32353338646638356530313038336563333439636565613736366235303631663636386133303838
31656639333939396633323239386162626265346337333037386339643537316138666431633564
32353035373433633437313265353734373361646263663933373062653164613765646364623961
34353630303061623131373561383864373539386438386633326637363933303039386261646363
66363339393538303639316234633936636265643038636265626365313135633461313061313735
36363935373365316534383132343832396131383563313533363761303463613632666665613538
36633265346139616435633237623135626430346131626637336239383039393263643030363535
63306264343766376430306437356465616332326634633934643638353037393163313262313562
63646231303830633136313163643063346362326538626439346434396134666438356336356366
36303532653238616334653663393565393137313735626466336635353537306366316231323163
65383234366237363761613535373232363665626263663366323033616563323030323034303330
32323736333532653734363831343732333835636139653738646631356532646466303036363230
34376136383937376637366235653732626237303437323238356131613264383264316633643465
62363864666432333337633234323537383136383932343633313666313834616236633436376435
30383965356638343937353830343061356165383237373763396631663233303931626562313936
65376637666532386461633633663363346234303033343430633863366562643963633565653439
32326331623861333866366139353134396166656138303833346564353662356661383038666432
33373966346432366466376639376238393536643539393737396639643632363861356263623964
66363736363039346135623639396338626531646639623566383439323238396665316666313561
36343835643866626464616563383766653564386463333239303738396561633266326630386665
66663361633039666466643137313934333332343434313232326633306436643530623164633464
32623432333031663034646265396663633161616465633264323034656362373365333430393335
63636333366230306535353031653635336234623330313337383363343765343233356238336539
39663463313734653932626133653931313064346236313232386465303339366537373565366464
65653433316561393163386633326535356637336238316362613137343036643133626333363539
33626265323136303263316536306166366561326337646661326261643839386466646238663931
63643964393135303939326137323761316137356364646530653633356530616365646333616662
33636330396362326666346435386162373730343535376465653539396537346366623532383039
66623439386639373166356234643166383735316239653630653735356631383339663733353762
30616164303034333133656334383162383330343964363433336539623861353338313935386632
34373334656538303562396262633362363836393132366133303933333135356535613939373936
36646437356631663236666133323636656637363132343134373538363163353762326239353065
61333339633738313366303233393432636236623831636539316263313766656233313464303234
31396565383031386135353163643834383936653939653634353533356437653561383739386330
33316132326564326264623731393035343835333264333461663761616263613231653965306534
64306464613761323638336137646165373561393166356266353466303265323034353632643432
37626137626135666439373434313138383535656561376265653363356562656461613639613733
64366165613834663538343161303833636464633934666534353930393365636265663765316132
36313336333434613532343635646635653632303230313437646535383238323836646435393632
31653635336233306539343932643561626637306230393334336336396434643733313834366166
66643933313061616562356666653262656565373061376564613934343030623638643730343333
38613536316330353433643430316563346538356632353861643466333331643137346233303835
33353535356336393664623661646231383136653238383535376239383532333831323530616632
63633737386331616333333039383537636339616536353730623739336437306237363662306264
37303461393933663937313564626664333839343831376632326233336462376338386430313663
63363634643431316632613432313832646532353533313038376165346434666632363835323265
63613836336635346230376431663831313433323537616638613737313738633766616265336166
63323264653266613437626131613966363934373431663535343865313036333363383034346636
65653436383638336336626637346434353838636638333162313565313332653466643363613238
35643963633034303835623363313232306533313939376339616533346132653032643132353033
33636163336564653666363336333133623637373663323430303130623263346135653362623863
34386263356363613139313933313230653131336536653931386238373766396665326363393662
35303732353963643539356664613165326534323734393734376464353465653735353635373038
34363331623865356237613265336333653063653365373961333261663763616461326364363637
61663637383533643230373739643336633638323338656538623263336330333439626538393063
34663931666365393135346532396561366537383864323861636233313064663732653635323234
63653738326263363237373632383636656163653237383236666539646432653438376338663765
31343432303631353231333137393466383830343136613831316465306364646235646462636163
31353535393261653238353137323330313634326264343637376465613163656330396239323538
64323635396138666563613538626265616639613364656432646266333737336232663862363665
35363837653530646534383566306533633232643335386663366331376439613034383764346564
64343462333563623433343263373036636339333337333236633932653961363538333935626365
32333233306437643834353664343232623037643732653130636337663163313065653230666662
61346631343238303534356266386662306331633030383666353362363764323564313036626430
63376166363231306161383435663562613464653366353731333062643435303139613236323430
64626334363365373963633065356339336536623334656131323830316661363166643265313663
38353462386464343332383036323963363332376139303035346131363539393035356633373438
30626636366565663863386636306263653330353134393063356637333966373264323433623662
37383464623238663232373064336539336130306335356263323262336434616131643334613830
31386666353039663631656131623231356139333061343539316639626433333430363533313764
38376466363939333738656437303536653035383834653335633463313730326438393364373064
65323665363464626436363631316532386566623430326639363331356635363637663066643166
63393539316462363937613830613536626335623937613866343039373663353065353663363163
35393761653630363863623064316262653131303831653237333738643739363437666463656338
36643433333134626663343238303638353765623531646432326131616435633837643032633430
37646632333061346430333835656666643437616235303963616431636665613332643963613638
34373739346663306234396536613036373264626362643861653635616238663437373236326136
36373231616538366139663965373436326162323234326362376537376336376562303236633039
37393065656630356130633536616464623631666162326337363365666431363765383132616639
61653630343534626439613835626636356161636538333138363164393439353464613236373536
32323166373366623765313661396565323234646532313762653433613865343434303866626635
37393962343362393137633431346362653166626436633461343631623639316538373338663230
39633930633232336338353731643839323135323064313434643136653265316339323564356632
63363736636233316238666631323338626330383561333535323734373833653939356630616137
33393738643533383037303130383337343031363863363463646237636536656339303661326665
62383161316137376165323836313134383134383736303633333739343665653536323462303735
61373539613065373135393831313965613533323965663133313131346439363061623338343430
34383732363265346132643535343637636634666661313365373737306664316465623362316132
39386332356233353630666235616365626563346164326231383662363462346432343133666338
34653162666332323432623236373031613162663964353133643234353436626233666462313439
34653036643762313763653163353030353632353166646335613831376432653138623830326138
34306338316339643030386436633635383761366364626131613561366466306437623634623135
38376463363163306432643930336131356633663038356535626164386233643839653464666133
33613863343338306364646436363334376630313437633961366435663638356432353361633438
62393637663963323939396661363762653537353434383061396531643564346633636230356638
39396432633738653039393133343566626133303734333834643438666335373564346131333237
34613466343537373066383331306264366533323839623230396136346264303631383235396263
33656662353363306231643237353761376636363838356533306662383336616531663337386432
32316631643336336138386639313334653763636338313338613531373335333863306330643733
63623936326366356332326665393064323134303130656436636431666635636331306331656663
36643465386461613261393432306439303234383866373038346666313130663863383135336633
32343835396162623763633730653363633230383538323333373537333164393136363265363165
36386333393064336462383831366661613562656164356165623736663339623538343465353235
34303930326266613731313861376435383837356363346361333033323836303537643365366261
66626165643639373130323432343234616338363232653039343965326662343164643932643638
62303465313163653566333639393839666635363730626538656434323234616431333335383264
31633334323937653330636432383834616564306235386538663634363433653364313365386236
36363339373435363433306639616234633139303334393031643230323261636533393935353837
62343036346365303230336566306432663164646365626564653566326230333539336561373866
31323166343765323561626463343436646134303964366663303039633733663966306634336632
36343939663033336134613762376433386364363365333663386236383830643966313936656461
36343835633939353338343065323735633830353333636566396331313930333737656630303062
66613365393461386533316634363934656232646261343130303464633530303831356562356338
63646433333236366564633363396662346333633431336337363130663736326163326333313263
33616134343463336666643139346164306562363761306434303762303563383261316637346266
39326130393239366238636538396638356166663666316132323466333031663163356233306338
62663533353236306265643231336530376138343362323932353332353230643236343431333966
61323435623134623431613836386238626232653537623661306165313732313836613366633439
31303764326263623031616466623435626664313632623561626362313536313864656137383265
35363431333066356438386536613336346337336530313035316130383664303530383438366463
65353266383064616637383765393033633236383763396136653035343235636430313263333565
30303337343632383632643331306130353934356564343364643162656462363733633461363031
62343464366665386361633638313836356335383464306437303262346238656233336564666434
65663137613464653335613332346639363030343061623865653137616530393062313435616165
33613464383364663666353931376131396438373337313032316136363638383330333362363263
35343664316263383331393639353964393461626133383731353932643337336161316133303539
34636331363864633363376466353366653738383061376632623262336539303439303030636332
38626435656339326137343466373461613065343735343465626563336163643133396639316238
64383837326132333838373435333962656437313164313162393830636339623636616462373865
65343566623437393539626337383031316362353164313062353436313331373266623434643436
31393463643234383665323837386439653635333038613938376339653837343735613636303962
36636535386131633164306138623162663163396263643562333235383530376338626132383261
30386336363632313362656130383164383131343237366437633030353636363938626633323036
66353961613961666338313134303838383937366161613430653133343365626439306332343866
65373633306566353138656434303762633535343163323561666135643433646434343138303464
62663864353262663161366334303839396530393661663430633331353835393035373335663564
32353961623837653363323263633166353634626332383032613962383839643261633862343564
62613266663135343531666630313833666130363662373339653238313666396565653339663662
65616261386430616466303463363364326533666630376165643032616366653331663261656237
33336630646363336534393566316638386264373163663735363463663261393932653962333931
30363437323539363862363733376237333130626465333036306235653530366333373334306637
30653263616630376137663564303938656337333866383331353839363230303561323565356531
63626638366136316163303563386331636439323935353165363731343633346139393334353663
39303234653131326330326662306262353063303065643863363162333837306335373663373030
34346230373235666339623234363566366263636663333865613464343633666337643566653434
34613063613935316362633466336232653132303732373332303730356165613832363933333935
61656663656630643838376362383530333533613838623435643732666161333433346433666639
36333833383366373662376633323561646433666534393038396665356363343764303466343330
30343137353138663732643865623631326631343065306534386431363265396361643465623165
63623366363263643232376639386561306261393332313037333432383736363539313363643033
61346362663233316430343634333466363962326562616334643937666633386134356238383363
33323936633962666461343761303761303630326463353730626561623737373438626436356162
32313165646439316161386537623830323764613765393363393566323837343933393161383936
30336231343665333630616133656134656335643866376338653334653338396537663431306663
32306635346637653630343233303632343066643138306165373865356162343931653538663739
64336531636361333339363733613937616161613762333765613039383161643366313465663366
35613331663135646230346433393064666139316563363433353065663636346661653238633134
39306131623237303466353633313835646235353163313636356362306463383965383962303333
34656432333337646163313862363764643563646433373465636638363631396138653863323764
37633662646238663238326538323236333062356262323165636130376262353464663466333332
35353066323534333364353736313739343662333562616235636532376233343135346362303637
65353963303662626532663665366163656534616133653162623266396531396339343464663538
65636434343638356138326336613362616330663661363433636632303039653539343234396539
63343431343235643365343563623961323964346235363961323337653265643236643938366538
33346536396537626132353539323061363934653032633537613331623635633666386166313230
35616436393738396564643431303664326430623730336632643430366561383139393631353236
63363563393938623961386161613638666663666434343530346231653635336263373632343336
36383064376662333966393661663632376430336465383165303430363663353134383135613962
39333334323132643961636366343334373835346339343866643436393238336239613432363932
62333734373566653531353432326632396438623065376563373330653134313039396130636438
33636134333635323134616536653839383834396564313137653537363138343231646239386131
62646335653239313834393765643638626435633965356133623330353264303630646361626365
38323033663966393734613561386538613561626532396362356333653734376364356564306639
34616332353662303161393538366562376337343637653436366135623563353363633537396433
32653366336136386561666335393330666637656134386264643737633235633933646131656137
34373863633739653564393964323539663634613330303439303436366433643532653138623234
39336634346631336565333139663730653432333538356637383562333261323531356638346562
39613037636366323965383633663266313738623231383833666334656336363735646465363036
34383336303461636632653434623635323763633634623462303132623536326363386138386537
62343734336430626432303664633364363238326531393965653264396232333337623866666139
66343833316365336165653366656632636632616136333237623032353262643738366563386364
63636365666231323663363630626566636534323035306435616634343865336130366139623765
37343433343030363964336432303337663464363935666335346466313465366165653434626336
64646366323263323938666462643663663061633530653835313139343431663830313630343633
34313763393562343135653563333637613064616134636635363130336432326666343161346261
65663564653238393636346433313932373931613536326563326461306333353061633466663261
32623565326137623432393034376437303430643538626530326433376539333835656164303431
31396633636230616133383535623933633032363339363930656562626634643738326239653934
32383837626139386262613830323736393134663036323933373733626465623133306166333164
39663333623531316163356536313731633531363635363761356263313766323430626265323363
39343834326235346162666432633530613339336361376137336537383430613434353533386439
63356138306262373662356164313135396264353433376334383565663535366534646132633131
33626463333135643865303037393739393531383062393363306465363132616333653234636365
37623634323836373733313161343761336166623339666538613337653235306665363239653935
34613036613835356633333334613464316536376332616539306138383239633737353264626664
66636130653137626163336331373139383237653462666230306365313366363462623734313830
38363937393136643738396563356631646437633734633831633736643432323336663762633037
30366438376234313031303139613836333334313934346239356135663962643739306366376435
61643731633736333439663062383261376535316134613062386561363562393530353832393736
33336131633336633461613462383435343530316537646365323965653239373663393530366335
37326138373233316134323065343636616438666461613464646637346262316331633662316534
37653964386133306564613363653434363166323936663735663236343833636530326563653763
31343833313131643164356462363434383930373638353165633631353533666338393763316132
62383433383665333538643831396537313433356336343338303761663861613633363937643133
61316330346365356333393564633761326638396462316331336361646665316465663733336661
30393134623839326132303962333333376237383436623436323566313339656430646239626566
62343034333339356265653038353530313831636635383362303765316166336134356336393431
64363333393233646531353835313331646530613861356139666662346438653963616663393237
35613464306239623165643336363739396632396261343938653462653962623833663663386531
62366536616264373865393436663038343065303630666633343632643465353734666361333438
64356430313732383364313831363766623731356238306430323137336666343164383737303561
65346439313030303365616465343431623439623464383366623537383731356631383762633466
33363034333239663462306231653631616162656463383139393432656539393535353230643736
66336561373838373232303630343562663436333562316433393834396235653238353434393964
61363333663038306166653661666330613962643263386461336235393763633030323634366163
66353036613932356633373365613732643039373430623634396665363733623062313531366637
35346337383562316261326435363862373165323933333761623930336432623966326333356238
35396232313866656430393765626436623062373761323566666335623530326265363537626631
30383832623638616136653466666138366161323133653266646261376638383662373463323135
64623432343964646161346638643830373438313466663430623739666331333539396465306263
66393131653330316163623463393766356635626136653231303034336135623039346335326239
39336231316633613737393430616639346138366335643335356366366561336334333331366630
32343332386435343362333533346231623464343734316163396563623763633364363934613830
65336333376638346366313935376338613362656163623234396661303137363363643563323261
37373831333034623563393264343163656133326237626633626635326435396461613330363236
31356637393335366466393832383362343439643464656439373235353631383432626438383564
31363438626139383833663462393361663037646565323231383765373538393938393137313061
61626434353531623834623961343836663962366663336361376463336564666334636138336535
32306163323262303064666336323932343235363966363262306331663766626130383437323562
61303964303562363963656265376134653439336465316164343763623337356466363939333831
66623638383634346366336163313731663063333064373136363961366331633362376634316637
30373662653761663839623363343936626337363664656361636465623938343433653338336163
38303338356231306335356261393836623762633661613737636439306535336134656334336461
62626466623538356239336564623665336130343936666638643030666666393564396562653233
66613338356132366438333836363864326333666464303664346661653764303238363138653238
66346233316335306463666630313438636330613338343137663438333863386333326636613939
31326665393066666432346662343333663965393038666465376435383337316237653763333063
38643232373539303530656462393965363232623430623338633438393166353234333635346339
30353964613961653032313461653433653834326135373762313833616564653138613439396664
30636538343436336637313031633630643031353066623965303464646164316331383539656535
30363337663337393863636161333266613364396631386336343133613431636362353365356265
32616263393966616137316165656666353830643937313937326333646564376264313034626463
35343231656334313866353031653666303364633536396533323564323365356636383962373365
39636234376631613635333062656534396134396461306538376362623266303335376666373863
62653836383036333665343535326233323431333365303330366537616536356434633263623239
39346538373230353035303337633136663431326531646438343630636564643734366334373830
65626266356266393637363837626665383939666262343962346230346236653238353533316465
35313839326164376335323963613738313136386537346464346363626230613234393930633862
62393764313833623562323066373438356361373465616565356161663766326164363037656136
61353137636532326462333865643638333163663563666131643030643865343934323437323534
31613135383937616561613734353332316432326635373234353936333162623037343134336231
61356537393336366333383735316134333034383661623338303635376165636136663838373961
32633763383561613238333331663561333430613437376663333338356663616534613764393966
37663863316339393935313532386637633464613137643363653334623333323930623031653237
66623131653536633032623030313362393766633332623232373463383137336562346334383061
39303934636236396563316464616336636266326337386433333135376639396230643030326231
66313233616436383461386135316565623466343137323163303930396335353732336637643230
37623433656137613539653165616662306438303266386363306665366539333131396239626562
31323031623232306436356538373434363634643665373931376636373761623062313232303164
36653764613533376334356338636664356166646565336130626235323830386435333261343433
36376561333333353034313837356462353961363966663333376534383331626163326531653435
35633638643062626430333235366135626631353739636564343238373362373561636333613233
30326563353136306463663263326433323638643061353335303734306635633831333035643031
31383334646261636439393163633937626137616132383035343862653535663632323166633431
33613538636637613463306461643065646238393834383035356666653839383032326536383635
38633565646163333065353733333964363564653832323630313937613739333964333161636637
64306239346266303339366332663764396565393564636333343437643036636534623939643130
63316234316436633434333761343465666265663662333034353430666438633361636661386465
62643335333133396435646166303434656539636161366239633762623565646332353133663738
31626137643064306235633561393133383433353634643965353531343861323066373938633363
62623334353031663963346165613236303762323664323833323539613837663537636665343363
37636565366533376561326535663536383465303839636662663566623065323362313562623135
38616264313464656134626465613038336539316631666334663066613336326466393831306130
36323132653538316534363131323364393235376434643764643531313465356563346666353831
61333833646264353837656462323036653836303131646330623762363432643837313461343933
65343831636337303338663666316664346161326365353330333034613239306663323666643664
64386434313761616162396363326265313836313266613532353363393139663065666239396430
63653732316637383331376537313836383038633132383837383961643533313865383037336361
32353666636337643837313436643537666331343664636362346630333339303438356439303830
66306433623631656534326563656435303132333965316366333138633635383531373130636530
36323836666438363434343630646631343936653863333331373662613533613565306130376163
61626330363332623435366136666636393232326239363662393063343032333631643463313861
66393338366134363065376633336235643331643963326561376432613865356431326638666339
63303864623730666331656336323466313662303330646633386163656239346462393632303365
37383636613561313665666163396536636666373865336433373262353931616230653437656139
65333062373433343333633432653631333462343965343136343735383366386637333063353465
33303438643733346131626330383166393139343364363862333561383239336339653264386531
39636432653138373638613235653663623861353038353039393063666366313030653536333765
65323635653033303631323465393233616337303464303032653234393731363938386530643063
37303839373362653363626633323337353032373939653463643130376262663261383364306631
36616535376262306332326235346537396465623736666432653733333664643530353438303734
34313834646463323065356539383037323666353431613663613564336338333764366533316266
30646164613137633666643962333432376239326266663932306261343837346234366366346134
31323965373863313065373837303864636436396437313465653738363733383539366638633762
31663066323263303061343332613464653863623337393539396533393038616636623131386631
61363765393236646639393036346438623863303333643835313566343731353566303732623532
61616238396263366638613230303734323430656632363533373232623932633730326236666535
30303033333835653939633930336335373330633931373261303661623961646563303632613333
32653633373539333939303865343661336235626165616539663737326562366136383134383339
64333661633562333962633538616630393435386135643732653161343365303739346633373339
65623762653761616338363061396362393235353535326364653064623532393433383366373665
63393562313932363932333365333638643738373866363837633930373831376464666334393539
63346337366333663637353036393330393961623135366539613336313437623337373665613233
39636333303134626364303635363564613738393839353335356636613330623130396139613866
38653639343664383635663533643539396339333465653764316262353834373265353263623661
38336639646663316565313239333038383132373335623532393039303532373735336331356465
63663364613538363932356165356239353534363636323838373164383866303565386562633337
30613438326131373134303932386539663338303136353631396366633462376138363636343235
64376561643663303461663464353235623433373862323638386133613762306433306266663336
65336433633430376562363431356664373366306535626531643661653634316161613932653437
30623038373136626563373837336435303361653232303462626564626162306236626562333562
36393631336339623665353662373865373433613234663937623637643565623134323762353662
61333930653065313535346139393134343836306130353766636438623634656466393033353336
31633662303366626536353162326336306636613936363134666238356264376161656334306138
65643265306464623062326631643338316637626333346162316334306237316335656263376437
37613030323533653132376235613731346362396335353836323936616461313731393462616535
64303261666338613166366666653137666234316234623438623131366335663166636132333331
30646139343939363961356338623737373436613439643039343737666539303931656534306433
61386231653537386239326438323537393865353563323732333938303335343431613133336537
63383862336537646561383861383166613137643132336333663730393034376338383061623736
30393565313232643137303630356337373464373133313136326638366562323965383931633038
66386236313735343835393665616333633165656532356265623136343539383139383166386330
61633461353030646465326633633238303731636634633234623461356135643266353066666564
65306234316633323136333638353336643563303264626561383138353338653433313839386439
39323739656232393039393764306566353630383634376338646332353766316530343538663539
64303334363836643530616534366439356137323265663032393161623766326363643637316462
36376639363962386532643230333932633266633766343763323937316163663932306365336437
36613362373436633439323066373339316235316564616430393765336239613639323461373761
63303164646137333739353634323230656234626639623733396461366438333865393736616662
31363736353833303962356636653965396462323633336530656438343033636566363432393131
66643865616636323761346266663066323634646637363831613536663765333931386239376634
35613431656562386134663164376531653333376530373661313065666439663739613238663736
61373361633832653039616166336333373265656130356232313339343535373662336535393431
35366531383062353663306334643535393862393764616665646364356538353761636330373662
30396335656130636533313732306363643365336135373839393833336266306331336663313764
37306264656534333463323263633461653131666338353465653835373266343135383966643464
65386662313864653664333266353738333437303462353436396264643237343631663835623264
34376338373033393465333165363365353534633330646631666365626339666231383938303364
63393963323531373738366462336262303433386266323764643761303232613065633531366561
66356234373539316130396333633666663836373132323866333761623465646136616636646232
36613665623565633632326665343864356662653736316631303736343335653861316633386263
35373666303239666363396466333131303865356666316164393361646366653637383935323939
37346264613937613534666464383732383734343332613462666662316633336132363561653334
64336334653836633464636537623835643936353566373035303630363738353162393766363730
65383364303661343733666439313033623361383831363863336331613363396232623734346665
37336363366161333339616266323232353238393833366263656133653236653762336461303132
66323831626339633239636233393662626237356331653838363436343635336138333931353731
38313538373337653138383936623166316631346630316135616462353531653165346165376665
36373634303133393036623165653433623938623232393130663562653862313863663365393237
63316462366466363537643934633632386361343631303066613233333930646238343766386639
37336239353064333135313838666364323664363832373239366536653766396233356164366466
34393839333262363464313535343734343738376438343862383466386138623132396261316231
62323065613464663538363561653461303539613038393935336265333932663737666434326535
33633365303037333264613566316261366133623463353238613434316235383630643830386261
61336130366636373938656331356334353231376661306536393465373933343335376430326237
66653634396666313933353934623763326266386534393464616430326463326235663134383034
34663466613435633231393365386633656662633262393838636566633435656538346338343733
63663865363862616134346332353638623661336663313836336639616232303663656338373935
61373931643337386566646433383430663062633265373533353363316639653630303962663136
38346266333762313632326663366336346166613131383033383366313965653332353233666661
35363664353833633832663436356434626535376134663835663238323464633338333434323633
64396239353936376161333762396332376466323833333065623861373064383137306239653337
36656363663833303366323335396163366536613665643535633066633838653262343333353638
37613363373435336134333630613362313165336635393233386134633666653737633866616331
66373537626663376539303562663464333635663630633833626530353736386133653538373839
63663738613065626162343764663363623532366632646432623436666563623563663731643763
35366330363163356336356439633566643531343030323034313332313263653863326661336365
61316338393539303332313736653632616337373263633365333738636230336363326334303961
31643731393761386233396438363863616239663064373464353163653036383238666132616165
37333632646337616233376135653439633730356662623663646563316235343562393634366662
31636232386366343034373635346263643966316232386130376465306331626662663632356563
35383532616535336335623764363533633063333836623761656463663635356334306236613637
31393166613832653763643266363534353666383834373031396164336538313331383330303130
66613132323631656363396133343431326338323463613961636531346431376134383165626635
36633065613339343237326538303934626633313162663561633432303731303731393832616630
34353438373130306133343166386265306263633832323662303931623762343231303262653536
30313239313038326462646533346330343737383436346366613966666238613735613062326266
63643930353039333262653034333631363261333465396630373032383535323139303439356236
61653665633438616534626365343234343465636461323934663037373031313333383136323630
35376263393136623234656266623732613666326162303534323231383132383339386637373063
30643261346665373437383664613262393339643237656330656561366361653965333264373661
66353531613865643665363338393334363831626435646633313037373835653232386664323661
38303238353436353961386337666238383064343030663562386533393230386364653563353635
62653762643338356236386331323161376333323263653736383830653063313332316432313936
38336431373365623566663035386163323831386133643430333335353230323839666361373864
34326138356164653230623233316264343433343362396435636234363138303538326238343466
65613034313634383435666636306336343830323162343861656266356361653534323862396632
65366666386434326365343137653162373461663461393464343835653634653037623262613834
32326161633135653032623166633865373662356132373835656561663762666139396261343165
31623663346630313464336530363835666633613836366434633838373235656461343266616365
37663232383533326637666638323836346538383264336330666137303961666235383361323263
32323331383938316266316533613034383630356333336631316231643039633339633135646161
36643636653664623133386330333339363338393133613835663330313339303538623138643336
36383564376664663065643130646234666436633161323734313632306233363366353531336237
65663630363031363366326363343265386365626438343766373331393839356536383664366461
38313833666530383838373132326239653132396361633336663236643638396265653034633761
32353230336366386339343335373633346266353239663932626131303365663530626663363832
37353866346465366466353762633732333465313065393537663334653232343138353463616561
32383237303532636339343562363461343230323965613263643531396266666535666366396264
32346139356363663864653637653037343534643932353665656337643530656136393135363665
30373663613363356664356230303537633132653732643334356466393439383535326539303838
64636161376332386430343461323336316631663061643065613761333637323837633232653962
62353236653162633065313531343766316532323338323861366665393139623637653930356135
38303538356665643535633339363138633266663363616262396130656635313764633638626437
37336663633061306262343735623339643565356539323431663339623238613933316462666461
36626132363331313863653762656462333736353664323835366336393932626363333439356331
65633163643533663037373664386130666336363064636139323237326163393366333561616233
38373939346239356630626537396434656338376638306564613765353366383639323634346231
38653966616139643730633164363364366661643363333964366266306231363632326130633764
36656236613065653864326461303436623835393163356432663538313638373035326637366362
35353631336165393532633339346232663866336138323166323436373237386435393265666262
33393932383030303639626364323965316336663534306137643039356561636637363636643234
64636330323933316162613234373831316666643034373161336237623732376465616139303438
35636564646635386638333061333833636534633062343563666161393466316261356531336638
39646130313636613132626363323030353436363964366433626664353939333661383938643937
65613034336466346530326561383863346164663461623330316538303062646634373630343565
33633064663435393835613930653336653265386130346436626639356433323962656563633233
65336364643265663761383538326335323230356266316630653663323066623239346130363138
61616664663062333961666639353936616538623965366131383536616136646435633663666364
64653065383834323238303632303134396435306165663736636536656537353237653130393462
30383931313337333065663662376632613166616433323263613364306532343435313066366432
37633330373061613662333736646365636537666531663631353937373332393739646238643262
61363862313938613933353862633236363534623034353831316565383837336666383839353132
34353435326138613864383361326236633261336431633764346438376665376539623937613963
62313833616330373435343562633039393064653633373662623635623537643637333965343162
66353932353739656537643135363633333364386137396666623131386233386136343331303330
36613761626230326334633361633431383831396162376538663861376365343232306561616435
65326564396366363535646632343534663535643262393830383333383264363833393834666437
30323438313133393934626530396566623836316237656338653161303662643632353839316534
61633334316538303638353465373234343463656464366530623061316164386133363336656135
62346430396466366634323935613836666233393762613262303430356532373437663031346263
62643233346637613130346264303635373539373135326364393639383565306338356133336362
66346364653264353163356366336461643239623737396437343330383033383439383932333234
36623734366561353231333338643137643039636263656663653539646132313565666666333936
38326439623239613665356438383038656132303561633639386533343835636264626338653236
37323034343330346564333466616635633662336264366462313537303737663733326636323435
64653163646238316430353966613537623063353435653135666361333331326237616331633835
35663266393163346664646665653064616464626238343633646239623437356134633337383430
35383365323337383832656661326332373932323833653365376437383833373637643761386635
62303137343662613131626563316163323337653739663032643363306261343432373866653036
65623635633633313935656163313062323162316465393530653431313937316263313937316563
65383430653437613638326265383633376435336130663664383366303964316561333765373334
38633661363431643439633638643233626564656137333363376263323635653837373437613432
33386530303539363733613163643832653731356537653664656336636636633164333866653436
65613666633865346161333432316365393666626638336634323066326566343539326233363039
39393034343838303361306239643936343663633931643435346164356663316534373830633764
38363532616264353161393461653032623334653930616462343966373064396234383735653966
34646531376239313338376534613663316533336436363232303332323966626133323637633364
66343635333930373234373063366333626163363438353036373763633133656133633731333638
30663661643763313335326139366131363537333939303465366566393964396139313265323362
64376431343432326130663061653530326634316232616463323131633266353637383564303035
37393062666636643532333166383033653165616534393632633734653261343463306136396137
32363163353232353432373736353439613032663864396330336564303432353866306530616364
39313436643361633636633566636234356637306361646139336462633065326131313433633563
30393861366334663639313334623533663736313635653532383231316638393666303136353034
37323936373138386230623036313863336432646136376565653838303663636339393662313164
30383139663235623836633362623966373263636164336637313566643533323135316132363663
39366437373333613635343032353537653235363232643737626134303632333261313237343866
39383738636362356336633164666332373033616564646437393037316238336132373734633566
64613931623361373332363563663362376232666664656165323166343333626537373334383166
32636632353537326262616265343331616238316337366435616530616463656233393734373162
64663834326163366666346431653432353063323066633536333438616334636137353436306365
30616538323865656231303733356263383464333964613663363130303735306539653066633562
32303935626466653463663838653866303366343131333739393862613333363731623935353431
38333965313132323963623136663734393434383065633663303533346635343639373033393835
65653831333764376666333564343335353439643337636535653132623665363034663766383732
35353364386161353236323234376665616230393036363261343336373734373862643231343038
66336637303038393535653233303831623939396439366132326135613031623066353263313632
32643239373938333961363332343866333832613633313663613838346130383464643731613036
66376132343537373037653839353361353561613634313361336466353436623635363766306566
64353366363633386562303764353031393434313833303164643864643661316464366638326463
62373833656537323365363737346430323532653230363465643531353338626536343130646333
38373934336137313039363462323832363866636166356239343636303763663162363138373366
64333738316161376539336134653230323738646465663433656435623938383834666435336432
39626632643363303761636239633931353734363437356332303938386662396465343666363066
38343832363636383037393664383438636666323765313564326261353365346163363564383666
63623463323838616664383832643735353064633364636432643266393034653766383835336262
64326638373435623534313131396433326132656165396231383734363337333734646239646664
34363335393135613563376165343062616430313736376330383231646137363762663335656236
34313137663066373566623133383631306533306366343861396630373662333865623639333939
65326164353338393632343938373336663534636362663764633933633036383963353636666534
37323264316638383030383630393234666565633638613038646434316132626338636562363835
38653735333039333265633665306363383639626562336163653835363364383261636465363465
3964
