$ANSIBLE_VAULT;1.1;AES256
33643437326331623234353561626263646138663361393661303438616637316366313833393831
3061353230396338323165313830643333633936313734610a316262313063323165663531323835
63656561626365366461306166333032376564666161356332376134376665313931613631366266
6333393765353530380a663361373438316234633635656236333339623736343433396137633762
65363836383230636238346435323263666339323663643733653265636539323637386335613266
33646335363232323662616632613766366638636432646532386465653666363464656135373134
37656332386362333730666334336463393336393036323830356133323566356538376563643537
36326464343362396165363732613031613538316530373062666436623736633136646632653863
63313834346236336464366262363530396566313539663462303736613862383038653036656665
39383334393965616134653731316238646535636561323631306630663661346138663232633534
31623933356332343261353165653735343033663965616363373934323932353666663562313334
62343932643062313962396333393131633233383064343537633834333964316132323063356637
37633866376633336236366133613035373866356531653839353538666638636365316333376465
66613065363334396461633965666339376634613532386365653263646132633636373033633264
36316430353436336463303864393438333461386138663435643431653062383564643531613930
61353938333634386635656235323864313661613662636165653032323131366166633064333630
31643366313032643931356565656139633661383163626433623430646233373737386432396338
63663166316138353661653964386661336563623732363637616431656538396631376564633339
32376365363835363065383733643166633061336233646135306335363333303866333064646262
38646266313538313565343063333939643437343632366232323065336466336366363962353338
35613936663630616235353837613432613162393463616662346534646632626632303861666165
31653533383137383062643630366236363835333765323236386139643462633062366632353837
65303638346263643665313338333339303739626436646433386536333764383136613763396239
64336136396637393535363365363236363064333132623738643332623461363835336235613562
33303464623765623864646232343764313539303365386561336161366432326339663833653765
36643962643032303137386339396361656638393638396239313133353733316533356531323866
32633833646134323631366238653030326632633832343536353737313134346339353638323761
30653335373734323730643831633733643431313736326138653332613639663039323965663563
38376439393361346538303532333436366463623865333238316166333931336361343865373361
32333734613936663933316366366633623037663836633135646330303766646330623961353937
36666666623434663832366438386263666333613033623465663030616331363162653466643031
64366632323033366165303134343831363038613031353965613365316238316366323465653066
61376161376238616666336433363562316563316237316234383131356332636139323832343534
36653361376330386464636233373661626331396238633564643435613366663933316533343336
36633263343865623662646461636664626665313138303930636131623535653634663437386536
32376136636639646336363566633566643934363434613731353465333335623633373037643035
36343530376436356431616666366439396232326638646565393234333266396632383936366536
30626666396437393134646164376631643930343034316462623761386264363662313738326137
32343166383663623935313765303431323531646535653139393537643230376133646535336662
33316433323036353261643861306232653362613861656434373361643265653337656238633261
30313638306263396438333930353539633337376531636139326561396637323833326230663561
39633363326132383832626235613765303631386135633365313365613431613864373665613737
37386162656266303633356665643733653865393335346363316337653432663230373938663432
63303035386133363962616538343465376462656161343338663338306366383732313834306230
64373934643737633533303465336366383437623337313164323237373064323434373135363938
66636465313132333232663135346230613566373861386561393930623436366633303463646339
37343035373262623634313761643165376661353635393866326264363230626661366135636333
30643336363039393431333762336630343663666562396135343835363133353837323931303263
30653532393336343232623538636165643333306334663639663238633434626337313830353938
31646236633761353038663166336166373763343962396631646462306338643539616332643432
35633232343937363034323532613761386465353363616366333230623537636231336637383431
36613064363630326430653862336238373238393661373137653133303331663865646532613963
38316533643031383430363534613065366139393835633930356139353533373630306234336635
37306161656430333262663765316639653537356462353862383535373236643161653739373334
34623134323866343863393131386664316463396662626135616234623033663939346232313839
35386564336265396633383466373031376432666236376433376364366166343761376131626633
35636236356135646662653061663162323332363539663665363166363638303137313865316366
38336333353839386330366461313430353966623661393330623837353535326135366564303765
31653765336130636364356335643632393366623664663565313236303338656634623262363262
62313333373433356535303363616637613861616132653736653663613135306136626437326232
30616263376539623339623830356663353864376233373739633766666461643630386337396266
34363738633665646530383461356332396339613632373232363565356236666335316335663733
32316166343861633332653162343939663432613364636265323931613734343530303263326139
66643838643639356161383439643465633461303635396464333336396636623439363739666666
37306431323833626262333736666334633235626464326161643436303139623065643036373764
39383964363733306438303464346437343862663565303465326430373439336161623036373965
34376139626234363565656639386131306666636538633736623836316632383065386632326263
34373564656366333665663038363561383166383038666430386566633937623264386235326639
35656566346535633633326331653930623666666334616637613339666238303061323239336538
65356538373263646335383639376664643834643763316530666237356134383433343738353366
35623963353562303464666638653562636566363566343463306336636331336466316639643861
30346132623733366539633930326338663864646665653864346464383737376632313761653930
63393764656533643166306134383661636365353162613565373661363265353335336334373338
65343537386366313934333031653136646432643738323337343239376639313736616131316634
37613735316565313062396562636461633839313461373435336631653063653034316533316634
34616463353264663634306434653337643837383330633965383837643562656363363863396630
34636431623163613762663563306133306332333639386237653933656561363030626365393061
30323230343538326639323536373634616165653033336637616665393936313734643666623933
64356664613263356532663135376162616161323637396261366230323166303134323366663364
32613961636135323830346565313661343462323536646636363837323833356433353338346433
65366465643737653430313733316265646264303933643434643364356464666637376331383832
64333533316633653633306362366362393037326566643235303735633866326632396535313761
38366363643537376235616361653530363134633231326262363566396339653239633837363933
36353236316465303135303565626232643765636535313437343464376164326531383233366130
66383830393766346237306261326261613433326563363839663262326437306131396633653334
61613539626363353431323462393130643938643666313937313564353139396233303936396665
31373934616137316336363763303464326665616564353930323237643562313932353533613663
39376662313939333936366339326631326535363438636632626364623265343235303030306565
61333536353364623331623633393632653033313864343733383038643737313534333536643837
39633836666563623636623330333762326637383036333264326439366530643733353239346162
33353664373536613835333634666337663036383836313333373133633034373664653038636636
39663939396364316166623131343736343364613830663563313033356664376531393865663762
30386530306263616234346432356130336636613635656636363563373734663933633163653131
30346436363235373466646466623939326634653039376162306161376532373732366537656334
31373539386538646463326431643138353330393461356238313162323964613933303635666438
63646165653264623839333933353330353862616436643766366463653233623063343935633064
65316434663735343635653132396432626534653066343962656435376532666430363337633738
64633435336436656632326531613761646339306630626532303565386637333337353839396334
32633734313738383537643639373432666431633937363164653164376535303830653139393233
37653830343862306331653962316135623436653032636566363362356135363334653530326264
35393663306235326666633338323537383562363736363662393066353837393162376165383132
30663939346265313032656264613933366437623530653861636464373633626231613035633766
64613534636330323536626338323138376262303038386466363961323135653162313463663934
61303035626634643534343932616539633838343563316535393633643564616139383433653534
61616133363338653134393165393162383636396237666530363537326364336435373335663762
32366365636539326362663636633635613837646264633338366534373464373066363462633032
37306265336638316432323634366439646130653639353566643130393661353462383266373633
62376230346538656465626130613965373163393766393862643366636232343465306637623564
66633431666564323662396337636231316433333238636333363666363731346534363234383730
63663565613037656535663938366335353034383538323561616664366361663936653034643138
64613765303061623130633133353061613336373838356631313463633065616534633464306139
36633861613061343532306630653938303361323831613165353866623466363630643666326534
36633763643639623532623065636539376235656463613238613666616130393339613061383062
64623139646431376132646236653535616466616634343434373639356663343466333866636331
39346639386234623731333563313037333066643861623066323434323464643536303364376231
37646264623134643863363761393836343332366135366437646266313637343434363138323039
36643463376530313630666237376166383362333462373133653865313761653566633032383961
32346666663666363335373033623239303238626339663162383131323636303830623565663230
37663065313464633938646337623931306631643436386331386664363262353235613234656638
64373464623361336263363963383366613465313866633435663363643564363435616238663635
65386462363531383139663133653537616138653531383438386231666439313238343064613634
63393065353339306662653439663633633962616431343362336431623439656432633734363534
30643936373138313131383938663038396562323762393364303236663562623532366538663364
33333836383633346266303531396466303530343634343330393538373633656662646466653666
64643264393534336365656365363965343461383764656331633636643732366438656130383065
62663530356434366233646562323761386266663064326164336363633133333461313133336233
36306665613233363032393065373734626138316661643032373437663435323039633263623439
32666238343536623330343730623039613430303331643066376261613932333661386136393335
33353662376531323330336264376361623636363162373831663861396637323263346431353231
62376664306538633461323765393062613137376338303735656631326436323962366431636233
39656533333630386134616539653637303866383136316165653665313930353263633732666637
37383938653730616631346366393431656366623730663430313536643530353865613534316631
66303830306336386164616636313935666533663766363066323931636263323932643835613034
30663462646630333763353438343234323562663663623964363330326331333736626236613765
39343161383830396639393566333366373765336435303532386132653736313035323239316131
32373934353166356234323439326631396337623330396365346631323263633462363630313535
64353666353433373337633366303165326365653031323430313738616162316366653265333837
37643561306461383862306666363635326431656538396639656264623932383637616233366366
66643735663062373637623537333039316134633434323833323931393137616339623531363635
33386439613138346465613231396565626162363963373262616663653835383365343737346534
34353264393731663664366264663463333931373564623431366361656133633133626136333861
33336661653932616266303066383938643834376362373034343636393930333064356634323966
62393133316538646635383836373062656138633933313563323232373264356431643530633763
62336332316535653035356533313363373330653836346639646266386266626539353837343764
32643361313565343263333234333439343833626535366130363866303764366331366435316464
31633261326533343263376537303137376231346439363362333630643665363663386532373763
35343761643538373833353537343431356265643935343964343961653337376462646162383766
64633131666264636537353435336264626332623734303132633464373166303066653765663136
37303835366262613530393836656266316332656261663139323438616166623131643066363561
31343132613463313631616632666261643036643436636630623761613430653734303036326433
38346365386635666565343962616366316161643434623462663562383030333232303264366233
61326237313338376265663964643431613463303738643635353765373531353532386165393732
61643235613137366437303865393931313165636565333066323032366665373337646436653634
33653638383566313561313534376163346565336634623236643130346335363565623861616565
36643931653564363061373731303132623863616466663061373037323266343836303435643961
62663439366439383361373561336632383463633265633238306238393435663263663263636366
62343135376466656364643832623633646164646535626538366333306563666234336563373535
66616462363831343537663662306338353739323765663237666334353561333564643630376438
64613665383831346237373134646637323637643039303639626635623131383533623730646430
33386234643963333739633163393931616435376563383139386639666162363139663230373639
39623364313461613366323239313864303239623238616565633035326264636133393038393732
64323763343632373363613339326533653062393431613739626664643637353464333363323535
38366538613935663763656163393964356638396364313837353134653836396232326665333561
65373966623830376133386163326434323530316531353634633238656665636566316465373363
31376666383234656662613766343130363030303238303462613936393239366131383631633065
64626435373661303738633738616466346364643434656262316233386165343430326239313539
30316232613035636563316361633564633639383261376265616334663766373234643531353463
63383965303239356335636331363762646236613832613132333366386237663038366464353836
31613236386165316336633439303736303232373164363364313437633833616365616135303331
31666634323664663331636362363363633436333265363332313031633061356530343638623737
65333566663436343565313631613039653535306263336638313138383464303139663137376266
37623562353261636337666562613138313431666262653830626463303637366563393662626639
66376239616364336364643038396531383439613335643034393838653539363633666464323264
61656139303432333961393763666461326132636565323735616665316139396561646661643765
33323038303162356633333564366331366464633232663838356237626363306135653330656131
35656331303637653835646662626135323266626665646438366231663561376336316132353133
37366633656631343835636230663335656533353732316531323838646636393166393661663032
64366333653531633634373334646366633339663763356336666131613666663533326366363531
39663664363263373430383037633033656439306139316263353437303361343765306632313635
34316230623139373039643439633939316632346365333832353838393662393635333130336561
62653365303364383435316361326230316234393566393137633262356536396462323236393738
38326433616636316362636331303861383735633261666365323964353837313065376434626633
63373738666261373066373165383764343038353165643766633531396539636239623030303433
39633439343534306163323933626633633961363539346538646462306638366434386139646639
36303030353335653135303633623261373038636363383663623663643534313665373135636136
39656237386464363338383339326537393135383132623234316333323765613738663239343861
34363338303830323161366531323239373537333165393934343330323938373161333736663932
30313239663266636162326237633263623866623231393931653264336239623262303466346535
34383138306237326436343633306361333139383061653130376630336333343739316538353932
64613764316132626262616261633030303633633834646466356361323866646161376662623336
36616236393961366265383365343134393638626338326633373365363537396338623561623836
64313439613539373335393635313837363134383266373766323332353166613233643639333135
64393562363665613539323031623961323132303836343735383666306135323032393737393931
38356630363561386237663164343035656463346638316132623837303363346338393431653839
61626132343133386634633433663132366336366134363963353430366337376535356334323234
33636161386462623031663634353638323232386339363539636335313566306432633337646562
34613732353334353536656535653066626636393165646433653364663065323564306663326466
64633665613661323866306362333936306465376231313233353933306331313234626538613837
65333563616239393737656366616236356664636630613565363862303732323839386563326531
66363734356132623231363130643138353539393136393730666435333336623731353232383931
63636162366339376537663939663439376430306435663232633133353465363138303238313836
36326235643331643132313332663966386239636237666465613065616438666337303465343361
33313336306434363066333966356134376435356666303536323662393764653966653330353236
38333433376537383238376163613232616231323435306466366466643732353037316565646237
62663861623632343237306239303630316664663831306433333533373334366563656535613961
31326430313363353435653830623237613631336136383132343131643464623039666264393631
31626534386565323534373865623661363262626233373037393566366239653666623265383831
63636263363437323138383530646137303463303434383037383761643231636238633065336436
38623265343661663937363361383939323762633061663037383530323038373363386531636164
31623836656263623663343830303030343264356334323562396230383065353935323364373537
37643633313734376664396334383663353665643935353364353262313662623430616439653737
64303838393039313337363730353639656636646166363033653266646432303137326236353736
32646165353339303738303738356465326636626438623566643163663337623639653633633938
36626563626531373866333361313836663763303238643665376537396665643238346131376663
34633835653437636564343230643632313439396231353361396131333762396535323064386465
36613865333263383364373034633434643862323135343666323961313835363066386632656461
34313866646263353466623734333339323431636563323066646337626335666536353233643235
33643338616263313765613733326361633436333139636238326232366537623439353563666662
31613761633432343535666335336339313562626139626338376130313932613166633039333530
66383233613362313037366562313663653666343338663634333336393166383334373564356365
30663836316232383666646235343064343063623131386361396338636438363864633437393633
31303765366537633833373765656330326434376566646266383064336636633839383261646536
35656162626534633637643162363464326366613739633965633539376262633963633135653732
36656533356663323063386465613231326139663030343338343036393261353630326132313062
37353865346436623135353632623435343234643265313061626438376437366237393861636331
35323666393838366165383465653536343938313233356236643738643961363763326230393265
38333234653566396565333165636566306466653965633033656332323661353139613935383732
62633138303334333561336661633066323531326361373565666135393732376462646637616666
32646264316435663766383761396433336464356539363833306436646663333766333962636537
33326136623433623336323764613062343262613739383837623132306231333234383231393463
34313536336364343334376362306561616664326331396339323266383433636364313937653333
38636530323738313531656463396335663863306139386666643835623632636163613233353731
31643731333865366139383064366331343065393862616337326538343561656262386535383165
63646236393461383036656330303338393861323230623563316433653064386464653962663835
61626332633030643265643538323032303937393763396161346464616639336538396535633563
33616162323432626630306565393139663335366364646661653537393931633739393238623834
31663034343764303638353833613732393734396464383438383733643063663033636632623230
64616162333337326433636535313335393262356564376537303762313164383338343331353961
63336133306434303830303837386438393661323464353936633562343233333039326463353931
39366430306664666562626261636133306364393635653832363631336661393234383236363032
38643364623430343131303230663165626333303435396436353838316364616337343966643438
61373531376563333061396631656566613737616462663565393163313464643564666134633533
32613231333937303763616463613933666134373162633438363135653238306334383037373966
64646261613730396138383333646462653237633531366366643966633930393533393561323133
35316132653233343263353831323038653038643265616365613739666234316335626131356230
30626230313131373031633737366562323835326264343665323232366233343838643966333834
36383439333263646233373366373536646130333238643230356633613061663264646263326435
62653130663635656564386636386465333037333135366362333539383234646631363331633962
31646134326235353835383639333635333965663163386365353833633031646166306337623563
62363263333261323336346563663630623431306636343131313531346461373762376163353964
39393436373936616164336261643164333266343366333965343038656165323131353138643538
32313631623531346538336635306134656264323664356363653466313336396465646666656331
37636164376564383162303936616236313866616130653532373939326530323765323532653234
38636236656265356538343566613736343163353166623936356165623365663039383832323937
39393833343931653236333035343465663466653466643862393065646162393231366136366563
64336565383065636636633234313736663534613833653233336135323031623234373263656561
63613331663465396639656531313336323430333362316664376432316661353631646163333533
65326534316434636431366665306439313964353137356361313033316261326435356132383736
36613637616431383135366166636634306561643131303432343461636263386465313130353063
38346134386135333061306131633732643566633036333461303238323738663835333034396431
31376466636633626263623566646462383562623735663730633030653934353631343237373466
31623464396132383165663336346636393730633239616230656361616166316564373230316439
62646637643362303166333235306366303365633435343862353563623537386338366462643837
62313063653339613336616363383936373038323630356332303661663838643263376363323966
65326134303163303639616564626332366364636439376233373266333533323438346332396264
64306137363034626534623132323062366161643463303366613038663965393837376562623234
61343339393434303432383365346363343434373561656661303130633562616562353837376461
33353363366338333139383735333035366166386635643435623437666565633666313335633862
62323934363638356237613864663133653461383135613835396232656637393738633036393361
30663333313866303166383434393639373265326566363262353464386232663935663638356133
63383436663530636333643866646361646666323131646435353534326235303034383038373866
35316330336162623639323164653333346132646530316132636366616530613438643964363565
62326132363665363730653664313766333761623364613539326536366465386136653032633462
63663736393364663033336630346366373661316538353738656463643632363332383934666130
30373364386466343666363766343039663430653430323437653230303562386439396235393462
32383164363136363736623237626166616462623633383435663465316439336333653166353032
31303263383130626632643037633331316139393839316262316361343166356139633062653535
30663061376530313762656433653733366134353861623133313565623738326266373433363630
37363430656430393135323563623733333266663934323038323536656662303934656539356339
37356538316637306637636165636563663338623764313238396465383631343837363536373533
62613135313063666635383330333834356231313830336335653436376464356665653562353239
30633562366635376430343166323031636461373739623332343362343139623662643661653031
36363335303964303432313362613334646463376266396165323538636566633638306632386333
36353636386166326235346461653538663030623762353462336361353733623235366238343332
30666261613761356435373939623363343434633738386533373437376564303636396430353638
63643933386665363031636263623834643238326365653461663866376366303863643034613832
63663339643530653439323265356132383331316661613739643536656331653061326662333331
38353334663339386435343331373637613935333932396532363031333466323765343635343361
39306439323266376435663862623339643335306236626661386562386332636539343934383134
39613838326337373730343231323535633962643738623834363531626464346663643832323761
66396237666365653731396336373736323536333039396661613838663239363236346465346632
64656466313338313631336638643136343638363737333465306130613139353263646430393139
35616430663437663061396131306633653964373362383939343836616631626635343236383739
66316230646661663434356262343463623736643039373835333838333435303166663963613836
61333063613731343264363139396262393931343061616236353132356164336539346332343465
66303533663466343162303031346631623466303462303833353035613665646261353532356537
66633061383465633564396564353436396362306463616530646131303131346266393463353635
64346165336265303835396432616435616237383530376230386337396366336134383065353435
34393231356462383461643462326564653863326237613735633430616162366164333035646539
39343865336236323961643238646137393937313264333362303962326532653438366331323534
63653865633861633834623735303030383734633362623432613532386662306435386431346662
31346264616337363736363939336133623435363463653666656434633663353332383661333335
61623730343836336137386463646361316433633932636466633437343837396231323131343764
65623463343965323531386434353436313862333730616366313032646163313836376461653837
65326265366266393264663535336630343230653733393762646535633531313239623135383261
32323935333831373634356639623734623330333634326533373630323735343237623766306332
37356537663331613565336437666465326534623135346538616333333664313338393330373335
65643062313030383730383736336338326532613133323061353466616265633031323331666234
36666166653739383765363337346531633764336566333739633164663861323861323434343961
66313564363430663361386530656539626330313665666366653636393432393136373261623565
31353263376430383263613765633263366532336633386437633235316364663761303736386164
36333138636561316337646561333634363763333665323631623338386363636634363864393061
30613561303638323561396264353766643265616532376530623338376363626563376534303535
36666130366261343432343735336131333431306666383662303434373061643362323363346632
65633066363630346464326536376634386637643262613738316561313035383335333561313930
65343830356131313432376262383737336539646662306337656365316534326533313965356261
65383135653731313933343837613939323561353039326266613766636539343932633166363336
64363335623134323362376137386566626662356331316366313133303862656262626463663230
34333533623332383833396239633031636565643435363832343039643335373632363261333730
38333837353534363636313661656534613535663039313536386164353665333435363536323334
38373632653663366339623730346231653536396366643964386466616266366333613561373462
62313335333765343363653133373063656432386239303935343831393830366164666136336564
37666466396538303664353663343230323163646135386337643835313663373261303032333433
61363566393136613662336637663166376137613231383535383961653365643061623938303834
31313735386238616439373532393261373237376564383434373632646437343433303963653730
61306338333361653236386139333432333264346338623434376464313665613833316564643466
33613236343130323537663237613565383530386636633132616336356462613966356239316437
37376639623538343437326238636434663436383733386263663639346266656234303665346235
61333730663733363030643966366565653236613332343931666637366562333362353637363666
34366664363935653537383962323331666133303430303262633739316138316536363232616665
65633665313066633432366164626232666163383930383836333738636535356463373035653266
36333938626134623738613436646234656366353861356434396261663466643735376435643566
61363635326663643263356465346234343730363865323735613032663730393737666635653639
36303932303461613438663839316465623137653732323036306262656261356565386539326532
33643866363937353166316138386536353964666463666563663263333830613235643931656133
37396338643438383731623735616130643134376164623530303763323964323063353937346638
66373163623939383138306464333939613337396561643733646166373164363061363862663337
39396339356164306537633334346335393766306539393338633738306465633561326531646539
31656539323161643432323964313730366263613732653038623138383231633361623334373231
66653535383734663664343565646333393137646539663662306261633634663635366365303035
39633361303963656661623763353132313535326433333535306161623965343435393563313235
30363432376231336531366262393630306439313630616537613164363834353066363532643531
63396364323234666261653465303062363438363134333861323163643262623430333136663631
66333464376333396237386435316234393437366666333165643833366639333766386362343965
65646635333562633062303565323964623862383864643161393262666436326434313762316561
37313535666664666666613431386430353861343964613237326132333862663862393663316465
38313462353034313339613439386332653763636637303861343135653964376137633234653166
39306535663830613362343861316236323662663566326564316631356563343766653062373530
64633935306566633435623863333736313061343333646236346633666264343463353261616563
62343836623865336635646438346162663130663534303862373536393131623932306136366633
63623030326133353132363539353765393333623565336134356664663232623766636331313531
62633366306532363835656362373365336664303032653166396462393464323361363866393934
32386535376161306233393933616466366564616337636466383361633262393762313464393935
65613163633266646164646266613562353334613034396336653363626333343264643964363464
33623665386262636162323531356530353036356534386461373939363734383038323834376539
62383963666334306662393235626265333265633236626534383066333466663366326434373631
66393939383430653239396331653764356532333235306132316131633833643732663135643563
31613031393035316132656138663330343765653863663863353762366563383531313864396335
38356362653535336362303337626265383862306234346166326534643764653332343637346336
34633132353331343930633337613863656339346663393465616262313330353863636565353037
65323039316638386435316331376664626134336631653438343139663230313134663234326430
36643133346435643364336330663535323435323837396163343531343239316136393665313235
62396666383564326364656533653963646530643434343634633730663966393631653565613934
31366236323739313433396331366336396237636136643562386633343036376361393430643163
30623336646636376261386635336537306134343337386661613034396132303533656365383930
35623335323337393538353534663539343837346633636237303130306438663439363064626635
66356436353866353562393266663166656238616632643064326330396561363466666466336235
62373634373737303866373839616535653236313133643766303233316464653361636638336230
38653464646564356462656662396665363765303132343834313464323063616335616564333937
66636336616131333633323266356234396532636331613638383761663464633166363933623961
38336537333361353231666430656462353565386631643934396162613266633630396261616535
38396231313862383866393232383030636531333237396231383262626533643237363534373663
33313865663531666262316138353138396136313062303564643164323461663061653561623164
3261363434393730356363666332393633303035316234303966
